0.15211284 0.14153337
0.52775866 0.45060867
0.1748023 0.110679924
0.0976792 -0.04663062
0.0084498525 -0.0768916
-0.0012640357 0.059619963
0.030323446 0.023144722
-0.010906577 0.053733967
0.08001089 0.04414475
-0.0019322932 0.023927629
-0.09091959 -0.0032194257
0.057414487 0.059169114
0.052983075 0.17561686
-0.07827109 0.13618237
-0.16335446 0.058281362
-0.2448988 -0.17642492
-0.07265961 -0.014031589
-0.020238101 -0.016541362
0.019903123 -0.031026602
-0.17850488 0.055386603
0.06549117 -0.04232368
-0.08141601 -0.0638528
-0.084372714 0.08776706
-0.024326801 -0.02921252
0.019329935 -0.02852866
0.016205013 -0.014197469
0.049388677 0.00024935603
-0.027479708 -0.05118534
-0.04279095 -0.0005671978
0.062271833 -0.017085195
-0.050795615 -0.017065912
0.026281536 -0.04165101
0.0447824 -0.01893422
0.010985911 0.005919844
0.09713024 0.031264335
-0.0372411 0.025105521
0.03129685 -0.022648662
0.020831004 -0.031473488
-0.06673085 -0.062467977
-0.025333345 -0.0036126375
0.067112744 -0.07222709
0.07073808 0.0032975674
0.6685507 0.38356507
1.1571965 0.5703944
1.166423 0.6514314
1.2139103 0.5100712
0.19534582 0.046275735
0.07804406 -0.023954868
0.56378037 0.31497797
-0.00093984604 -0.0036383867
-0.02374798 -0.07599224
0.070114136 -0.008626729
0.109157175 -0.044548884
0.033840254 -0.016247422
0.030311741 -0.16202319
0.036214843 -0.06530899
0.045437127 0.09869748
0.07055575 -0.058250397
-0.021914184 0.036423117
0.02614218 -0.01990971
0.8697502 1.246138
0.8513335 1.2765174
0.98097575 1.5455631
1.0703071 1.4779605
0.8000692 1.5050635
0.26283813 1.319855
0.029829502 0.14194345
0.025338605 -0.05489856
-0.0015724003 -0.07557684
0.028390124 0.028394192
0.10003814 0.0006876588
-0.074386716 -0.016465187
-0.16374832 -0.3373056
-0.0064471364 0.00819248
-0.026136339 0.020601451
-0.22451961 -0.15404493
-0.43794346 -0.35221678
-1.1073455 -0.9902527
-0.88590235 -1.064357
-0.6401641 -1.2250848
-0.061169654 -0.01822579
0.052763775 0.080355465
-0.2248681 -0.07015082
-0.028146029 0.025091544
0.045570552 0.02045219
0.04452187 0.045531422
0.078122914 0.124454916
0.18783343 0.076452255
0.08597642 -0.074860275
0.016495645 -0.23361337
0.025597095 0.008573681
0.00969103 0.0032115877
0.046403646 0.025153682
0.02866882 0.037018
0.106498234 -0.014925916
-0.0134526165 0.03322105
0.032727294 -0.003767699
0.14421073 -0.07054788
0.0480469 -0.14800543
-0.014018819 -0.009444296
-0.16940814 0.29680634
-0.3335989 0.6704944
-0.44393942 1.1063497
-0.61178863 1.0589583
-0.51892596 0.894678
0.104435384 -0.01852417
0.001582861 -0.03621936
-0.026655346 -0.04311648
-0.47472265 0.3953745
-0.06520577 -0.098966084
-0.0011297613 0.025617778
0.0651767 -0.08937949
0.05588738 -0.12744409
0.06673698 -0.07703185
0.02346003 -0.018500447
-0.07594615 0.08017391
0.04724908 -0.026146173
-0.11760157 0.000561893
0.39616662 -0.29766363
0.5864301 -0.42676276
-0.074895024 0.0745545
-0.032399833 0.08096677
0.022863626 -0.023096621
0.13022298 -0.027668417
-0.012775242 0.06707823
0.035823345 0.048589095
0.096468315 -0.04868351
-0.04791696 0.027615607
0.07847482 -0.0474592
0.025520444 -0.01636152
0.042832762 0.011357442
0.05761856 -0.01877886
-0.032391906 -0.043875873
0.12119788 -0.06425911
0.1766398 -0.16534477
-0.021317363 -0.06424242
0.14218974 -0.2079078
0.23072684 -0.24252063
0.010832548 -0.003422916
0.052232265 -0.014395535
0.088683814 0.032123595
0.047960848 -0.015181571
0.012903161 0.027561925
0.09936001 0.0048487186
-0.033284098 0.05509028
0.05400598 -0.07132205
0.05224842 -0.16730112
0.03954184 0.10512006
-0.040254056 0.0032228231
-0.03258574 -0.00049841404
0.02991277 0.040798187
0.010863185 -0.0110337585
0.13961488 -0.039005913
0.09685016 -0.048065472
0.02441889 -0.08693904
0.02274473 0.042674277
0.011305451 0.014443126
0.13374415 -0.03514439
0.013988286 0.040426806
-0.009676218 -0.011815518
0.08361739 -0.073016986
0.0057593584 0.02241867
0.0030136108 -0.001457151
0.07232267 -0.0074296445
0.089363515 0.03304121
0.100325465 -0.10416186
0.07601231 -0.010033309
0.06473851 0.07304123
0.07843852 0.05943215
-0.0050725937 -0.038510054
0.05751878 -0.027949005
-0.005076349 0.0063186735
0.014001451 -0.00023180246
0.038977057 -0.0050453246
0.068033814 -0.065380454
-0.012669802 -0.015944676
-0.9936545 -0.055899248
0.05628568 -0.0046535432
0.06254232 0.13838166
-0.03801942 -0.1730848
0.064134985 0.0398283
0.0042850077 0.03498876
0.010469288 -0.01147306
-0.023497581 -0.026197135
0.016191602 -0.009160966
0.4181178 0.35867265
0.034184754 0.044521265
-0.062324226 0.049024362
0.005028993 0.02750811
0.06370969 0.06739096
0.09648523 -0.11163172
0.040582515 0.075017065
0.057624403 0.020928621
0.1415138 0.015512824
-0.027845424 -0.009161651
-0.059812263 0.029578984
-0.030230567 0.012776673
-0.017975822 0.012088358
-0.0629845 -0.14812595
-0.30597517 -0.52100956
0.034650564 -0.100344
0.034712583 0.07901913
0.044454455 0.07854158
-0.17614302 -0.08396253
0.0033824742 0.057873502
-0.021179646 -0.07600303
0.013693929 -0.03667354
0.07412571 -0.028106371
0.022314318 0.01575985
0.00022887066 0.053049576
0.09036362 -0.03585535
0.10761875 -0.026796304
0.07163039 0.077962115
0.020121008 0.032168128
0.02753234 -0.017490849
0.0048995838 0.035682127
0.035241127 -0.01302433
0.034237355 -0.04133606
-0.04474871 -0.01375705
-0.039601713 0.009329379
0.03191799 -0.022212416
0.07740225 0.067338526
0.047038868 0.05885145
0.12262778 -0.005957201
0.10203931 -0.017578684
0.015249625 -0.000272125
0.07761365 0.065843195
0.09061463 0.0053349733
0.10101621 0.020951986
-0.02785743 0.031077325
0.068783544 0.016817927
0.098308906 0.009324819
0.024655461 0.06762126
0.020875514 0.016167939
0.020504415 -0.032687604
0.03037101 0.030028231
0.044213533 -0.013030006
-0.0036873221 -0.041827198
0.03944856 -0.015952513
0.06539279 -0.005138874
0.6150872 0.020107329
0.2063551 0.02567219
0.01200217 0.09531169
0.028382897 0.03376033
-0.07335931 0.0007812306
0.012435198 0.018693015
-0.014636457 0.057448313
0.004949689 0.0724878
0.07788956 -0.014223397
0.365361 -0.27752793
-0.03151385 -0.19362085
-0.16353284 0.13560292
0.08327976 -0.026109695
0.15491682 0.0763582
0.016131938 0.013972253
0.043979347 -0.052442264
0.18173718 0.04828471
0.1316464 -0.041310195
0.18416893 -0.06602596
0.23405457 -0.120655924
0.14866853 -0.104293555
0.11645532 -0.035654888
0.030912787 0.018164631
-0.2238819 -0.17066297
0.037340455 0.0016619861
-0.008565247 -0.016251594
-0.02076438 0.025085896
-0.019525021 0.07091363
-0.042102218 0.06869148
0.002165258 -0.016401157
-0.10981375 0.067535646
-0.088279724 0.06635164
-0.0023424625 0.10297835
0.00095283985 0.034557283
0.03852117 0.004089892
-0.0027037263 0.20712769
0.014795303 0.065276384
-0.018506572 0.0715636
-0.03772232 -0.39904106
-0.015068531 0.040684283
0.12945995 -0.0060418844
0.063186824 0.047549605
0.15712452 0.04605469
-0.16520578 0.019973412
-1.1894443 0.04275767
-1.3415828 0.37583798
-1.2983925 0.42177495
-1.5635103 0.7740541
-1.5508026 0.64315253
-1.4101049 0.88596815
-1.1585599 1.1579342
-1.2512753 1.2215571
-1.0016216 1.262974
-0.8377231 1.1007718
-0.44389802 1.1200575
-0.029755548 1.0129685
0.03893867 0.45260465
-0.002370894 -0.08413714
0.045690745 0.044351816
-0.042467415 -0.05043578
-0.023115933 -0.021919847
0.0036322474 -0.17429745
-0.015517473 -0.11610931
0.13063318 0.16081274
-0.003309667 -0.1847133
0.06333959 0.004451692
0.011736691 -0.04076773
0.11367659 -0.00598076
0.0057086907 -0.065393776
-0.0054172575 -0.011554666
0.029990137 0.014125422
-0.011481643 -0.014321074
0.00025618076 -0.10832885
0.0009686947 -0.039578974
0.059588134 0.02250278
-0.08091414 -0.10754204
-0.23666245 -0.18223524
-0.27143735 -0.22471577
-0.016450703 0.09668237
0.07878184 -0.0041170716
-0.08299135 -0.064763606
0.041225612 0.091745645
-0.014185727 0.014931459
0.10827714 -0.011065066
-0.06479144 0.015498757
0.003953755 -0.008336812
0.070843875 -0.016372234
0.041466534 -0.03570077
0.007220328 -0.015202433
0.0039808154 -0.01108861
0.08326268 -0.015780509
0.14741646 -0.0416317
0.054296292 -0.1032092
0.19600752 -0.09056604
0.2167921 -0.085566014
0.069895245 -0.11539775
0.04201828 -0.18265533
0.047929212 -0.052700058
0.12961847 -0.10012579
0.07733007 -0.025441952
0.112780154 -0.09330177
0.24922162 -0.13873471
0.03903699 0.07971732
-0.0011763573 0.029188693
-0.02034527 0.13680696
0.126575 0.014359891
-0.12225318 0.13559133
0.8457929 -1.0143949
0.7174908 -1.2256937
0.60255307 -1.0144025
0.7179171 -1.2660743
-0.062465727 0.16646922
0.015490323 -0.07457304
-0.21081075 -0.39535207
0.07780382 -0.021288514
0.10665962 0.054795176
0.23436308 -0.041616302
-0.055408776 -0.051417693
0.033701837 -0.024213135
-0.08640784 -0.090919495
0.05915302 -0.062366806
0.06347865 -0.009277534
0.13401434 -0.15623425
-0.0047562122 -0.113611534
0.0022267103 -0.0045582056
0.10170122 0.13929947
0.074557036 0.024452865
0.005609438 0.09553
0.014733791 0.09090492
0.04186049 0.017086029
-0.010834813 0.039227545
-0.031485856 0.011963159
0.04606235 -0.10531542
-0.06990957 -0.024438858
0.012901962 0.022705257
0.081446856 0.011876166
0.13464639 0.03020364
0.095613584 0.08108047
0.011260644 0.035402447
-0.020431776 -0.043252632
-0.03265147 0.027209103
-0.14684339 0.018938903
-0.035834894 -0.01495413
0.03478366 0.035967663
-0.07452825 -0.045219123
0.053818375 -0.069898725
0.06063156 -0.10308638
0.054193556 -0.39732262
-0.0046438575 -0.14387292
-0.01936233 0.016631484
0.024131954 0.025253594
-0.033723414 -0.027608693
0.092537224 -0.05503863
0.060082078 -0.043963075
-0.041063726 -0.002519995
0.038325295 -0.0055676103
0.034258857 -0.035342187
0.0390923 0.21052614
0.029610168 0.023728833
-0.13986121 -0.08601511
-0.11257597 -0.12884706
-0.032081887 0.11348006
-0.22621812 -0.5954604
0.060889646 -0.1614511
0.014519826 0.056517363
0.053629845 0.10239452
-0.08110668 0.010392845
0.029885102 -0.02684319
-0.025941115 -0.061297357
0.051411867 -0.070693284
0.11396895 0.0092522055
0.022456795 -0.0026186332
0.12492068 -0.08188386
-0.015160203 -0.061822355
-0.016862243 0.11167437
0.050054044 -0.028187454
-0.014190584 -0.14958757
0.017127454 -0.007999301
-0.012248516 0.027615964
-0.012510493 -0.036916614
-0.13375853 -0.051682055
-0.14997692 0.048095107
-0.1305279 0.3747234
0.105196744 -0.00852263
-0.1048474 -0.051333338
0.023498297 -0.02691248
0.07316318 0.056821637
0.027674377 0.0656061
0.15925473 -0.13838461
-0.06493604 0.14365739
0.97243243 -0.5254953
1.1675811 -0.65050554
1.209588 -0.51590466
1.2036428 -0.5644347
1.1997122 -0.57963544
-0.10636175 0.17673081
0.06024456 0.07170153
0.026341498 0.023076057
0.06674811 -0.011549145
0.0274631 0.05676268
0.107832134 0.0626663
-0.37542218 0.24127154
-0.10388923 0.017959625
0.011298537 -0.12099272
-0.38002217 0.17081404
-1.4205047 0.63386744
-1.5067197 0.5623021
-1.4592787 0.5745646
-1.5150572 0.47237504
-1.2290418 0.40977645
-0.302508 -0.09624916
-0.048196793 -0.014685839
-0.020982921 -0.056482047
-0.018914819 2.8342009e-05
0.040507197 0.005283445
-0.02338916 0.0010797083
0.020431757 -0.09057784
-0.025348455 0.043103963
0.1368747 -0.012601949
0.016880617 0.010182859
0.016695874 -0.030134395
0.044698253 0.04376693
-0.064986974 -0.038810432
-0.10909957 -0.02971822
-0.041621655 -0.009662986
-0.04049754 -0.055322826
-0.120833576 -0.012756467
0.36006016 -1.2540699
0.3217553 -1.4436841
0.1854085 -1.4639394
-0.010320103 -1.4309074
-0.3964668 -1.4409007
-0.59360695 -1.2224896
-0.046763748 -0.00503844
-0.026820123 -0.07621366
0.051450312 0.012334287
0.0929364 0.023456901
0.16713518 0.003552992
0.06010115 -0.06580264
0.09660667 -0.032817245
0.048387527 -0.017106146
-0.027305543 -0.025497288
0.004813671 -0.028544948
-0.017613947 0.015904937
0.06966847 -0.02602502
0.0135858655 0.042567916
0.028330028 0.0021221116
0.04111719 0.002050411
-0.040843844 0.09969643
0.3892745 -0.12666908
0.10705891 -0.1665816
0.057034694 -0.009755813
0.083165795 0.07420105
-0.09377131 -0.11490703
0.011713207 -0.04557821
0.12298566 -0.0064837784
0.05720359 0.009387031
0.07183331 0.088292114
-0.09235835 -0.020863019
-0.09316015 -0.029863276
-0.040376544 -0.05387543
0.045886934 -0.027299464
-0.16710627 -0.03269154
0.05489537 -0.00195688
0.046368122 0.045576245
-0.0057373047 0.014986098
0.13977498 0.013579786
1.0372208 0.16715965
1.3185095 0.39606375
1.0744302 0.3396553
-0.001280129 -0.06783077
0.025883585 -0.09211582
-0.009580284 0.009903744
0.008046351 0.025860585
0.035457153 0.10373331
-0.008973211 0.04538572
0.029905379 -0.022552013
0.02894795 -0.029200077
-0.0141887665 0.005425662
0.04660186 0.018348277
0.022180438 0.062372208
0.11125749 0.034194767
0.05662915 -0.017447382
0.050032094 -0.02142477
-0.0634781 0.045092016
0.020879269 -0.0044682324
0.0673126 -0.035766818
0.048923135 0.01651459
0.027595103 0.017417662
-0.0043382645 -0.0077519715
1.0624402 0.027516082
1.2124385 0.3720467
1.4545275 0.2972801
1.2794411 0.40199825
1.1825063 0.39802808
1.080306 0.43706155
0.030897677 0.016325772
0.028958738 0.008769155
0.034000695 -0.035728335
0.019372415 -0.005918473
0.056967556 0.020527065
-0.06400025 0.010894477
-0.050447434 0.090979874
-0.005709849 0.0332309
0.029038966 0.0058628917
-0.07206142 -0.12418723
0.010004044 -0.08360055
0.075580955 0.09328985
-0.023857713 -0.082963675
-0.7653504 -0.14704788
-1.2288402 -0.12761626
0.0077023506 -0.002649187
0.026041389 -0.045484446
-0.04766375 0.080278605
-0.07079366 0.034372568
-0.05113998 0.03254381
0.043744966 0.049354583
0.07708174 0.0047975183
-0.07516539 -0.07594764
0.8447723 0.5815624
1.0501895 0.7266198
1.295469 0.5169724
1.3089547 0.54389364
1.2827269 0.34787047
0.8808213 0.18185666
0.06903815 -0.012138486
0.0784955 0.0052911416
0.065779805 -0.027352229
0.029134128 0.009539664
0.079779774 -0.0216766
0.021697342 -0.023693383
0.07799375 -0.07973242
-0.050705433 -0.054387182
-0.0029123425 -0.09052497
0.10248548 -0.11079438
-0.015416771 0.018264502
-0.010353684 -0.013038527
0.056990147 0.078919485
0.025188982 0.0046682283
0.003270775 0.054305285
0.050431192 -0.025206268
0.01378727 0.003019426
-0.0014185905 0.021860518
0.0069614053 0.04539159
-0.012966216 0.0054600444
0.0074102283 0.031916447
0.04078126 0.022512496
0.20742485 -0.2787721
-0.061697952 0.050684303
-0.012666464 -0.01614806
0.046190172 -0.014349401
0.0036597848 0.060242563
-0.0083809495 0.022050232
-0.13740838 0.008161604
0.03793353 -0.018538117
0.069853455 0.07034564
0.021896273 -0.015327096
-0.006404184 0.0025693476
0.023660727 -0.027180225
0.012716278 0.018388838
0.051058292 0.01710404
0.048962295 -0.008670658
0.076208055 -0.02200228
0.041518897 0.04964611
0.025907755 0.0048428774
-0.0055767596 0.07415497
0.013114721 0.00061154366
-0.0017079711 0.035154045
-0.058143206 -0.055604875
-0.05283166 -0.09292072
-0.052486908 -0.018275023
-0.06188162 -0.050042033
0.058633372 -0.013761222
0.07602888 -0.013700336
0.011900574 0.04454194
0.055442512 -0.021850795
-0.041205615 -0.023241013
-0.050998986 -0.11332676
-0.018287063 -0.016612232
-0.088707685 0.106588006
0.14504772 -0.103159666
8.6039305e-05 0.14131427
0.03300512 -0.00084656477
0.19320956 0.00525862
0.21573624 0.0013276935
-0.007948339 -0.023381948
0.030813105 0.041882753
-0.018950276 0.0073883235
0.03776435 0.045517415
0.015483675 0.038855053
0.18955465 -0.041361302
-0.13384521 0.043463863
-0.016469598 -0.08654697
0.33183008 0.07373862
0.0886212 -0.05876612
0.34158462 -0.120782614
-0.05242622 0.04386978
0.05425313 0.02450727
-0.059368163 -0.022145152
0.02648887 0.043745667
0.03326142 0.0060310587
0.022696652 0.0002996102
0.023802489 -0.019993857
0.09254244 0.03607601
0.19253534 -0.089547396
0.14962292 -0.07455097
0.035448194 0.038852047
0.25373662 -0.12613675
-0.1820268 -0.05335766
0.27639908 -0.0039630905
0.2328189 0.018269807
0.1721611 0.014507785
-1.1272742 -0.111069396
-1.3589643 -0.040652633
-0.84674245 -0.050197795
0.039968014 0.09539169
0.10035044 0.008763239
0.028657734 -0.044103134
0.055929422 0.016322158
0.0928365 0.012074217
-0.09380221 0.046992272
-0.04988569 -0.002732575
0.09199047 0.07936859
-0.005956292 -0.017524898
-0.055566907 0.015041187
0.042244047 0.021753866
0.029999554 0.09150735
0.032678246 0.040774256
-0.047655657 -0.023433141
-0.10149087 0.008419037
0.057265997 0.035746455
0.109716356 0.013771594
0.017420888 0.0016812086
-0.0013375878 -0.049429774
-0.0076132417 0.016037405
0.0545637 -0.049088836
0.052819014 0.042738378
0.1473139 -0.06052941
0.15786433 0.054266363
0.07811332 0.09589246
0.15202528 -0.02369275
0.118647516 0.0284985
0.041018512 -0.0033931732
-0.0052782446 -0.09749967
-0.019631088 0.3382845
0.5123544 1.2313092
0.82829255 1.2841777
0.9879605 1.3616338
0.8949943 1.3884989
1.0100391 1.2597219
-0.016994715 0.07204282
-0.030194074 -0.00089776516
-0.024557248 -0.01542002
0.06488159 -0.0041012615
0.007213086 0.024040882
0.011965513 0.0056334436
-0.077662945 -0.048707783
0.0084849 -0.034428358
-0.10637492 -0.0061103404
-0.06807381 0.032052875
0.13917255 -0.040997833
-0.011139512 0.015918344
0.031793296 0.03357926
0.045196474 -0.009253353
0.0052835643 0.015955836
-0.055997238 0.046776745
0.09285298 0.04491061
0.046268035 0.057046562
0.029673211 0.041591868
0.0010475963 0.031395864
0.019269124 0.043932676
-0.005764231 -0.017373398
0.079617485 0.043701306
0.107746765 0.059333876
0.11287718 0.04403177
0.08726351 0.063777655
0.027784288 0.042233855
0.026732355 -0.029328674
-0.0011181831 -0.040503502
0.10387796 0.030203402
-0.11426628 0.0075398684
-0.03369224 -0.15100211
-0.1771 -0.2573444
0.0144853 -0.010888457
-0.018116355 0.0776715
0.113204956 0.11072323
0.06458825 0.01116237
0.034525365 -0.036139246
-0.049844757 -0.043642953
-0.119586304 -0.0747709
-0.010915726 0.033195972
0.051554978 0.06657177
-0.0018277764 0.051051646
-0.036375225 -0.025494307
-0.08866352 -0.0977267
0.014410675 -0.024801612
0.047198117 0.008152068
-0.063167155 0.061529763
0.01786387 0.060770214
0.040776476 0.104865596
0.07894184 0.042474464
0.023581117 0.0063846856
-0.025442421 -0.009144425
0.03894466 0.044124812
0.05222094 0.09414378
0.0557065 0.07017803
0.09667629 0.12473786
-0.1830123 -0.04193294
-0.23020667 -0.071590364
-0.1790812 -0.12221795
0.13344413 0.04002498
0.24029404 -0.07799962
-0.01597488 -0.016391963
-0.022291243 0.024003834
-0.044000864 -0.006221503
-0.042336702 -0.09308848
0.0046510603 0.037014782
-0.014951438 0.027934313
0.06986126 0.004236698
0.027227312 0.12919271
0.023469955 0.03887248
0.098130465 0.090877205
0.06835395 0.14723852
0.105383575 -0.035441954
0.13535851 -0.043815926
-0.0060654283 -0.06620252
0.01701355 -0.093498826
-0.044911623 -0.11628002
0.0191859 -0.048963964
0.0719918 0.0031360388
0.13317817 -0.010753214
0.17719033 -0.03659028
0.029772274 -0.022776186
-0.10473586 0.06279896
0.026335657 -0.037362576
0.066518724 0.0073684156
0.047122955 0.024693176
0.05526012 0.06591582
-0.021787643 0.031764477
-0.025350988 0.10327442
0.096088566 0.039636135
0.06435937 0.05013132
0.034057364 0.024634778
0.03851062 0.05771202
-0.016232923 -0.015785843
-0.011544377 0.05492875
-0.0368827 -0.0021401048
0.04939431 -0.0059625804
-0.05903107 0.060522795
0.0054965317 0.0255903
0.011685252 0.074741066
0.015206337 0.048133075
0.04160507 -0.14848268
0.07210206 -1.0326064
-0.012338579 -1.1467041
-0.009379178 0.011227369
-0.0032929778 0.19146246
0.0070436597 0.0459581
0.06504467 0.07307708
0.08080077 -0.013231039
0.0032226443 -0.14556915
0.027181387 -0.046841495
-0.049407363 -0.03512931
-0.01713705 0.03991282
0.13754877 -0.19273794
-0.39342353 1.0822757
-0.26199588 1.4280875
0.07063555 1.5129411
0.118879765 1.4623252
0.47363508 1.275858
0.10054386 -0.19299293
0.05053565 -0.20664388
0.05781412 0.04311663
-0.06755456 0.07091403
-0.32766843 0.31656885
0.086544305 -0.04147607
0.099724755 -0.092228055
0.03932851 0.089854434
0.029736713 -0.034804836
-0.058644265 0.016728967
-0.026347995 -0.05072564
0.048726797 -0.0030147433
0.020575285 -0.049175084
-0.049999177 -0.009160757
-0.20663923 0.13798136
-0.093649626 0.0048912764
0.0710544 0.01643321
0.041848242 0.02139084
0.03769225 -0.051617503
-0.007605016 0.034850806
0.030884862 -0.0135938525
0.0044235587 0.092725575
0.0800907 0.018036425
0.049393326 0.0041719675
0.051908433 -0.024661481
0.02138883 -0.01279366
0.1605531 0.08080721
0.07433915 0.004134625
-0.23834053 -0.0588661
-0.03107214 0.053339884
0.053283155 0.010928631
0.09423584 0.027244896
0.044605315 0.0021107495
0.07500817 0.031396717
0.01766032 -0.06964643
-0.08466625 -0.082113415
0.09237397 -0.07394707
-0.019027337 0.07138327
0.03622769 -0.037511915
0.12518144 0.36020795
0.02036257 0.015172124
-0.0001148507 0.062458515
0.045550264 0.025694158
0.0662463 0.065194346
0.0129572 0.014244303
0.0378958 0.043183044
-0.028230071 -0.004530549
0.0656251 -0.032042205
0.035443783 -0.047131628
0.12751536 -0.024169624
-0.012569942 -0.005866945
-0.015139185 -0.054293633
0.02458673 -0.07390636
0.039664283 0.012902379
0.03425938 0.0070694387
0.040083885 0.06393814
0.032866508 0.03159452
0.048480496 0.028338432
0.04137726 -0.004084468
0.09491472 -0.018993735
0.06438589 0.049357176
0.029478014 0.09752399
0.022880435 0.11634135
0.04780221 0.069725364
0.033714354 0.0121459365
-0.03854928 -0.1461166
0.08479046 -0.06889612
-0.00020665675 0.050504223
0.026478603 0.035015672
-0.18058494 -0.116588086
0.06256804 0.02417773
-0.030255467 0.017701685
-0.05139512 -0.033366203
-0.049648404 -0.030201524
0.11024153 0.042149246
0.02837868 0.0678722
0.09718938 0.015318051
0.06136828 -0.10656284
0.09964976 -0.030961335
0.023927778 -0.11919628
0.03695959 0.11354715
0.04869151 0.12760931
0.056226194 0.06597394
0.13473666 0.1300717
-1.2681284 -0.54216164
-1.2770619 -0.6768072
-0.88057953 -0.45457336
-0.060452282 -0.0009906888
-0.057124138 -0.016156614
0.05853951 0.082435936
0.005079083 0.039019875
0.011483885 0.02174861
0.028684571 0.09096891
0.07025717 0.06281166
0.027700104 -0.012561843
0.088412166 0.029164754
0.09077467 0.0064149564
-0.04432773 0.004051402
-0.12482197 0.03091903
0.05629602 0.033216953
0.06583509 0.027454078
0.10763274 0.06115836
0.042307615 0.02218799
0.052503884 0.027596645
0.059777915 -0.04401338
0.08183849 -0.0011087582
0.093405426 -0.026728481
0.05648291 -0.038367853
0.041676104 0.00789094
-0.022851437 0.013040364
0.021686733 -0.1861755
0.015307307 -0.027986526
0.02559983 -0.049333096
0.038659588 0.021596402
0.020087093 -0.047210306
0.040239543 -0.040670335
0.06453478 -0.05037269
-0.024599731 0.035717607
-0.18465489 -0.017366484
-0.058168232 0.051596567
-0.02375567 -0.10849112
0.067008615 -0.020051599
-0.031403363 -0.028825581
-0.14004143 -0.0727998
-0.049798742 -0.061232954
0.093224525 0.0012694001
-0.00937742 0.011475995
-0.011423588 0.01169274
-0.05498272 0.027595349
0.097118616 -0.012175992
0.013329208 0.093554944
0.89977425 -0.42342716
1.0529426 -0.5421357
1.0419242 -0.58026356
1.092598 -0.7002823
1.0784957 -0.65781313
0.044322312 0.004307449
-0.02980882 -0.019823939
0.061983377 -0.017051816
0.064380206 0.020285584
0.034839407 0.019804128
-0.042666778 0.042652234
0.14561751 -0.00038221478
0.11729181 0.01459223
0.17958677 -0.17157102
-0.30524004 0.23685646
-1.0788022 0.9675034
-1.289807 1.0982201
-1.3467741 0.84179914
-1.4720321 0.5072284
-0.15405184 0.09202397
-0.6578301 -0.42690563
-0.041405857 -0.13023043
0.060242176 0.14023423
-0.036488593 0.1694718
-0.10834634 0.04713875
-0.031630337 0.10884184
-0.037237644 -0.010385275
-0.033658326 -0.18355659
-0.100474626 0.11723454
0.0067169666 0.027508587
0.10050587 0.04359953
0.012897898 0.031059138
-0.022043653 -0.09090495
0.07020956 -0.069874495
0.032281935 -0.03182304
-0.029299378 -0.039408207
-0.12799513 -0.07243872
0.008523822 0.01137805
-0.0849866 -0.052731752
-0.05036822 -0.015840828
-0.030518591 0.004061103
-0.027491003 0.023177803
0.06091073 -0.030847877
0.07726186 -0.010741897
0.009657159 -0.008148849
0.031041801 0.0446859
0.04299745 0.024154186
-0.04854147 -0.023668408
-0.2584331 -0.7715314
0.025363788 -0.005042672
0.060599238 -0.07293618
0.046920896 -0.1473127
-0.08012605 0.078329206
-0.02649486 0.025604963
-0.05761558 0.059964955
0.046189487 0.040118307
0.060893297 0.012713872
0.05931717 0.01553284
0.03793317 -0.064444676
0.34802052 0.42578277
0.3619073 0.31753203
0.06434603 0.07367569
0.019693628 -0.07120997
0.08232473 0.033257067
0.11736016 -0.016658545
0.00010770559 -0.18376237
0.035407126 -0.002701044
-0.1553827 0.13467216
0.10411823 -0.16874415
-0.27024204 0.081393
-1.1963931 0.33772632
-1.1109477 0.23509409
-0.47890764 -0.03287088
0.08860111 0.035631202
0.085966945 0.083937794
-0.09395689 0.07765877
-0.047600687 -0.03240353
-0.080678746 0.036080837
-0.09508744 -0.006975472
0.06711376 0.021044984
0.03962347 -0.011572093
0.09725402 0.081939906
0.076852955 0.06076075
-0.012268513 0.063116215
-0.045633852 0.027908932
0.1784301 0.115983665
0.19564593 0.087593555
0.043316454 -0.05179298
0.09576666 -0.07250279
0.045096338 -0.011498034
0.060905978 0.028945565
0.13098997 0.25019234
0.013456205 0.0789392
0.07935649 0.009012878
0.008901536 -0.1253156
0.034595072 0.5574322
0.09690897 0.2870922
0.106322095 0.5519372
0.09914465 0.20777112
-0.005103767 0.008088529
-0.006339073 -0.044974387
0.07611725 -0.009853005
-0.060346946 0.11494911
0.07015047 0.066533715
0.06206209 0.06253701
0.04599211 -0.008290224
0.10326709 -0.020806938
-0.01872772 -0.0019346476
-0.03309764 0.026115894
-0.020249903 0.036186192
-0.014858842 -0.0290642
0.41436827 0.09127693
0.2855637 0.12170524
-0.05018708 0.028477967
0.08924861 -0.06674521
0.06466041 -0.020649925
-0.2717365 -0.12673238
-0.09976797 0.03351751
-0.025837988 -0.08139011
-0.055690706 -0.00655061
-0.023203403 -0.011722803
0.06844409 -0.043469578
0.004969232 -0.016179293
0.029445507 0.0052273273
0.04203266 0.040685773
0.03726127 0.034638792
-0.0048550963 0.022093948
0.047443137 -0.015006755
0.027214915 0.0052729994
-0.026499808 0.057711065
0.16645712 0.18583998
0.072413564 -0.057473063
-0.017864287 -0.083491504
0.029837906 -0.015263617
0.004703164 0.024700046
0.33405048 0.39277375
0.017256677 -0.1056692
-0.006491959 -0.11676371
-0.024632545 -0.07334459
0.27843982 0.1923927
0.17404914 0.08804345
0.12232506 0.08792114
0.060668707 -0.015119135
0.00824222 0.11691016
-0.04144734 -0.061367333
-0.066004306 -0.08472502
0.08478762 0.05939825
0.11785284 0.004293319
0.021816045 0.026936173
0.017430693 0.025416225
0.051885366 0.08968118
0.0948441 -0.011090726
0.07148117 0.008803964
-0.043776274 0.13013983
-0.021104932 0.3196805
-0.0011342764 0.21645373
-0.010694027 -0.020368516
-0.016582668 0.047833323
0.043538153 0.062390067
-0.85040534 0.103369355
0.06944215 -0.044192
0.011648536 -0.06046751
-0.39347714 0.08552399
0.054047227 -0.031913817
0.063598216 -0.026568443
0.03470241 -0.0792765
-0.04834409 -0.10281384
-0.022246718 -0.020810455
0.0011600852 -0.08437917
0.025779366 -0.008695304
-0.020385474 -0.011412978
-0.05491796 0.056051075
0.06301126 -0.02424261
0.008903101 0.006105244
-0.036366895 0.0064347982
0.067959085 -0.039068166
-0.117822856 0.00902465
0.028610636 0.06312531
0.0412189 0.03366977
0.11464015 0.08812755
0.071599066 0.0045548677
0.14145315 -0.18677694
-0.063034266 0.14218748
-0.41972175 1.1393536
-0.46906263 1.407341
-0.03845036 0.18142194
0.06624699 -0.03534937
0.016307712 0.10209042
0.1420905 -0.07216063
0.0832133 -0.09321123
0.10711378 0.02088203
0.049434245 -0.024582416
0.067276835 -0.032907248
0.069342434 -0.033688575
0.017408669 0.011806786
0.12107819 -0.0725081
-0.02813834 -0.028306365
-0.05011314 0.019665271
0.07480717 0.0042896867
0.10318571 -0.014058866
0.29437655 -0.03593714
0.04280603 0.015539855
0.08425748 0.0066817775
0.049070403 0.04552855
0.09649283 0.039876774
0.010092579 -0.16221151
0.019278347 -0.05959861
0.13955176 -0.044454474
0.10528806 -0.025000772
0.08420679 -0.060344294
0.12906039 0.011471078
0.0902327 0.00044566556
0.14644998 0.028975293
0.053438947 0.038066775
-0.012909636 0.026759818
0.020979494 -0.0296769
-0.25018558 0.048083976
0.035535946 0.11036134
0.019383043 0.046239674
0.031949937 -0.030175954
-0.05870738 -0.03674373
-0.12712148 0.0011454821
0.03906358 0.0007915497
-0.014484137 0.014424741
0.0038082004 0.018821001
-0.015793204 0.056690812
0.08460182 0.046846807
0.012828648 -0.025304735
0.56899154 -0.22139111
0.091542155 0.0046132654
0.075466186 0.03443387
-0.01627481 -0.049641863
-0.03208095 -0.07647948
0.0785369 -0.06887776
0.015779167 -0.0049136505
-0.17317483 -0.022377897
-0.0126329735 -0.08717611
-0.0032800818 -0.056328304
0.00029315054 -0.056792602
0.011722654 0.037991192
0.015115082 0.09663397
0.06348574 0.026039138
0.06390914 0.0148438215
0.058384478 0.017361611
0.036308438 0.033300366
0.029424459 0.061714206
0.03075777 0.0625114
-0.1599518 0.3477908
-0.041634433 0.07582474
-0.039062925 -0.0110375285
0.091698855 0.032203466
0.039206773 0.07098889
0.14144589 0.07627401
0.18772435 0.03918791
0.14190927 0.043430984
0.13310969 -0.017939687
0.14765231 0.07414538
-0.23371351 0.32954812
-0.015460152 -0.003582418
0.02556938 -0.24142903
0.1364339 0.010274708
0.19786632 0.07616222
0.10787669 -0.048232168
-0.1789147 0.20099363
-0.051141948 -0.10463029
-0.037472695 -0.0422132
0.026244625 -0.020601392
0.05766318 0.029510379
0.036848888 -0.01740557
-0.16809231 -0.8807081
-0.25706297 -1.1899917
-0.2629916 -0.9074224
-0.034324154 -0.11782837
-0.03888142 -0.12958717
-0.02675791 0.06315136
0.0036672875 0.014426231
-0.14811754 -0.07731956
0.035595685 -0.022007003
0.005888909 0.012036323
0.055202395 -0.013770565
0.013788909 -0.002811104
0.1057007 0.096475184
0.0054285824 0.024154723
0.059663773 0.0018231869
0.056431293 -0.04475844
-0.045244426 0.10384244
0.004190862 0.08643234
-0.010185882 -0.015857995
0.042251132 0.016732961
0.032438755 -0.0063069463
-0.020736158 -0.019340456
0.026648998 -0.086321354
0.38562185 -0.012516737
-0.024891376 0.0023830608
-0.03820014 0.001679495
0.003953576 0.030202508
-0.035304934 0.019702002
-0.118863836 -0.011025935
-0.0109497905 -0.06727293
-0.053966388 -0.023042321
0.090769574 -0.06726655
-0.114506826 -0.013706684
-0.0831912 0.04795009
0.038048685 0.07445276
0.057428062 0.021857828
-0.0041047335 0.049457908
0.048369884 0.048137605
-0.06704867 -0.011762194
-0.011846185 -0.017896112
0.108180165 -0.059427485
-0.7203696 0.10392231
-0.14850473 -0.005650595
0.09275651 -0.09677701
-0.043874264 -0.01700614
0.06620479 0.04201571
0.012225568 -0.028536562
-0.009132981 -0.035001077
0.052203417 -0.026919417
0.02189213 -0.036098912
0.039630473 -0.09049791
-0.0028368235 -0.10222609
-0.02165246 -0.11571734
-0.09809366 0.0254015
-0.24566716 0.048133083
0.08902265 0.059847355
0.06874339 0.04076779
-0.003616549 0.026585951
-0.029807463 -0.032624334
0.043184534 0.049951553
0.029706925 0.017055318
0.021711707 0.03237872
0.065193236 0.0015162528
0.1675396 0.0014356375
0.074961305 0.0032538176
0.032771766 0.036906183
0.0078637 0.001914829
-0.05463326 -0.029645592
0.17241758 0.1245669
0.5537743 0.28946555
1.1572032 0.34453863
0.22124428 0.03950128
-0.023248255 -0.075531304
0.060029745 0.020733416
0.05403775 0.025214791
0.049331293 -0.04811874
-0.08037539 -0.05062242
-0.05974284 0.10364748
0.10620868 -0.036413774
0.053629458 0.042185053
-0.03709221 0.004927501
0.012100518 0.009408534
0.04871112 0.009337045
0.0036278963 0.02252154
0.047199428 0.045914724
0.055606246 0.007876635
0.062511265 0.0047806203
0.15628916 -0.0036546588
0.0452829 0.055840075
-0.06825465 -0.013118565
0.043539435 0.028315127
0.031435758 0.014984608
-0.02404207 0.04797274
0.014719114 -0.013559699
-0.041464977 -0.037608445
-0.10127272 -0.09387696
0.07191515 -0.04635863
-0.49747008 -0.22067858
0.028988719 -0.026301146
-0.08561461 -0.047028057
-0.11401646 -0.006908804
0.050683115 0.042226225
-0.036778554 0.02289614
0.02988328 0.056620896
0.059724897 -0.08394265
0.020835593 -0.13451141
0.010254696 -0.0801211
0.04041201 0.02456677
0.033771217 -0.038294137
0.01501918 0.00723961
0.1186097 0.023984075
0.091252536 -0.006440997
0.09863371 -0.05999744
0.07442969 0.060563564
-0.102081835 -0.010425523
0.019842267 -0.048996784
-0.025614262 -0.06487074
0.0030991435 -0.045556474
-0.28105062 -0.18376918
-0.3898232 0.0103857815
-0.09213328 -0.060216025
-0.023662627 0.011989266
0.062901944 0.016499937
0.003071189 -0.032761008
-0.036644846 0.02928543
-0.07071167 0.034053743
0.013337463 0.021641135
0.0033178031 -0.009215057
0.07172987 0.042630434
0.0025031567 -0.058256328
-0.028317332 -0.018616974
-0.04584837 -0.097350836
0.09571841 -0.026394129
-0.04566893 -0.022009373
0.028380483 -0.008613884
0.078185156 0.0019099116
-0.002967149 -0.004486244
0.07571949 0.04593271
-0.08843987 0.049932152
0.03329867 0.035280883
0.05814898 0.047132105
0.08871728 -0.0008302927
0.057112396 0.10312757
0.04858768 0.051395595
-0.052661538 0.07446274
-0.062755466 0.054901928
0.010231152 -0.004452266
-0.10558811 -0.035541162
0.01898241 0.015538394
0.06375462 0.010643482
0.102083236 -0.010839611
0.022843242 0.072265804
0.04805869 -0.036505997
-0.002288282 -0.049010694
-0.047335327 -0.04708129
-0.027605474 -0.03284207
0.0021808743 0.014377832
0.017427325 -0.025832057
0.14763725 0.024228606
0.024349242 0.036829412
-0.010851383 0.0056211352
-0.13438326 0.08193198
0.09527785 -0.012691677
-0.08720839 0.041133553
-0.021900982 0.06280798
-0.024736628 0.06910902
-0.052511275 0.037495673
0.065535665 0.0003696978
0.03501016 -0.063348636
-0.055857003 0.039607227
-0.057020247 -0.006022677
-0.015539169 -0.01664333
-0.08605719 -0.004691899
0.04076348 0.046877593
0.045797974 -0.032886684
0.030557811 0.018082887
-0.038314015 -0.066548824
0.019747317 -0.036522686
0.018064708 -0.09759498
-0.008489311 0.0420233
-0.022995234 -0.016832769
-0.047224462 -0.04284233
-0.027983516 0.6781558
0.025078915 0.016496718
0.02815148 0.09063637
0.008070365 -0.082169294
0.08421306 0.059246078
0.08818595 0.0038742442
0.04875627 0.017729908
0.053907633 -0.12041408
-0.035289913 -0.029146522
-0.3256406 -0.015234888
0.0514116 -0.08230007
0.08272168 0.10302472
-0.4033237 -0.62244153
-0.0019897819 0.015367985
-0.017375559 0.015767097
-0.0318701 -0.1833216
-8.572638e-05 -0.07966256
0.005808443 0.10957301
0.011448849 0.10078207
0.0051080175 -0.007151723
0.021210946 0.07452755
0.034806628 0.08046447
0.011539392 0.0102005005
0.00024143234 -0.079116136
0.0507116 0.059511967
0.033390798 0.04438506
-0.0060835183 0.040695205
-0.19871801 -0.23265265
-0.16696581 -0.32206392
-0.017956108 -0.0020396411
-0.053396642 -0.027582675
-0.011909157 0.080694735
-0.056682646 0.009129465
0.051041886 0.03606537
0.06913002 -0.0038431287
-0.081522256 0.044587784
0.061591 -0.011348616
0.020328173 -0.029283911
0.08402252 0.054574423
0.04860896 -0.02046603
0.018360455 0.033581704
0.017517284 0.05873829
0.006928671 0.004131913
0.0882295 0.039607584
0.057611242 -0.034281403
0.044501334 -0.008208901
0.0016948581 0.038293377
0.24934217 0.22330444
0.0124346465 0.047525942
-0.004530251 0.03567657
0.022050448 -0.0057895184
0.047184885 -0.0013360418
0.0281533 -0.13444251
0.06894411 0.010815263
0.035627753 0.017430454
0.01387915 -0.028090745
0.030887544 -0.009316087
-0.0140737 0.045359552
0.035766184 0.08970022
0.17293644 0.116493136
0.13824344 0.06305778
0.027101219 0.0025453568
0.042139173 -0.031465173
0.009168446 -0.0500665
-0.02940321 0.0075986385
-0.020566761 -0.082842395
0.017669141 0.0176052
-0.009572208 0.050812814
0.005604446 0.054623038
0.0071664676 -0.04458843
0.040390737 0.0056489334
0.03879319 0.07338517
0.07938042 -0.0067867376
0.13862753 -0.018740121
0.038148522 -0.14162226
0.059155464 -0.046236604
0.00892356 -0.027499527
-0.04470235 -0.031297803
-0.052191347 -0.022669017
-0.06650928 -0.007897258
0.0041080713 -0.03939691
-0.059505463 0.04510647
-0.015060633 0.035933524
-0.054994866 0.06705207
0.017977715 0.05893755
0.0189167 0.03481981
0.0890827 0.04277543
0.0360028 0.008508027
0.06547043 0.08365655
-0.030919224 -0.07077396
-0.013863295 -0.0006839037
0.09215683 -0.028250277
0.061920464 -0.02403611
0.16934988 -0.2856292
0.109721035 -0.018329144
0.093046784 -0.026255727
0.054331318 0.05006799
-0.1203312 0.04600254
0.026895389 0.013611674
0.06372227 -0.051513135
-0.056299925 -0.025106966
0.0535506 -0.017075181
-0.16360766 -0.08428621
0.055629462 -0.46122903
0.31526557 -1.0406753
0.11980857 -0.78827125
-0.09591803 -0.029196024
-0.02550289 0.00946784
-0.001309067 0.045722723
-0.032925576 -0.058997393
-0.0745984 -0.045142412
-0.05281508 -0.004197538
0.011679582 -0.031442344
0.13964853 -0.017968893
0.010028303 0.012122184
0.008618355 -0.028118014
0.07784575 -0.03627037
0.033893347 0.15657634
0.0450812 -0.0048438907
-0.04723084 0.086283684
-0.042855978 -0.02356869
0.04606217 -0.08408362
0.019028723 0.05297029
0.09616935 0.06125939
0.025033072 -0.027865648
0.050308622 -0.05755365
-0.022028945 0.033237815
0.041185737 -0.0655213
0.013701394 0.029052928
0.11606455 0.01641959
0.054375723 0.016154826
-0.055185363 0.02606833
-0.053308815 0.00062942505
-0.04344955 1.1762844
-0.124868184 1.1950607
0.03598442 1.1589236
-0.1436089 1.26022
-0.016677722 1.0929826
0.0017160773 0.051255547
0.08467889 0.031441137
0.08777982 0.12074323
0.11169922 -0.028207004
0.06433767 -0.026000857
0.010681897 -0.030575156
0.008568302 0.008064151
2.9861927e-05 -0.026571125
0.03838771 0.0066676736
0.0014176557 0.12682343
0.08205682 0.09142196
0.018580124 0.050999
0.06171196 0.07894425
0.043409675 0.0063050035
-0.038696334 0.034278184
-0.10069591 0.027957454
-0.13810927 0.052344993
-0.12688464 -0.022345424
0.0361678 0.004927993
0.02475524 0.046754345
0.05747184 0.020042673
0.0030202866 0.040841103
0.00769946 0.027910069
0.06873441 0.048786446
0.02883336 0.074192435
-0.0013383869 0.08457137
-0.024671704 0.06878366
0.09485006 0.0422134
0.011669219 -0.001845289
-0.004129827 -0.0016579591
0.04721397 -0.0926837
0.017007947 -0.0072996914
-0.033141553 -0.0106913
0.09181121 -0.0007119104
-0.316746 -0.15280141
0.013372447 -0.054054648
-0.05479744 0.014387399
0.011580259 0.031273007
0.025588572 0.050875425
0.04886967 -0.033020973
-0.055628896 0.062279165
-0.091759086 -0.047287285
0.052918136 -0.50521773
-0.13128322 -0.19808632
-0.011171833 -0.23961693
0.03908368 0.043035388
0.00895378 0.1451819
0.0010117888 0.16163105
0.06036055 0.0627594
-0.022674859 0.0520221
0.06317234 0.08341837
0.003322363 0.038333595
0.06513846 -0.045434058
-0.13572145 -0.03398347
-0.08607501 -0.082346626
0.025348365 -0.12880431
-0.0069301724 -0.0047234446
0.02945754 0.010606229
-0.04730373 0.0130369365
-0.007448431 0.039821506
0.047961354 0.08142087
-0.0017291605 0.11066881
0.05076915 -0.057525992
0.11406875 -0.026252925
0.009506762 -0.024474174
0.0041865706 -0.047944397
0.04992518 -0.016397446
0.10148308 -0.030705065
0.017154694 -0.0762015
0.0043963194 -0.12797225
0.07451223 -0.0004817769
0.012970097 0.015602559
0.13320068 -0.32053968
-0.033588856 0.10132086
-0.032221735 -0.066078246
-0.05578786 0.009362519
0.0431329 0.11748499
0.05617982 0.077812314
0.01641187 0.04776007
0.0104827285 0.034754276
0.040863693 0.09882337
0.061534174 -0.044414967
0.05604826 -0.030123949
0.03505099 0.119296804
0.0258076 0.0388539
0.06036093 -0.027661443
0.030031595 0.07625413
0.020512313 0.04630333
-0.013428941 1.240866
-0.2527391 1.2374189
0.068378836 -0.06434088
0.05795434 -0.052289315
0.011982605 -0.097075045
0.12404443 -0.011955
-0.11276674 0.0025366098
0.04750167 -0.0047358572
0.051788464 -0.012714177
-0.015237719 0.008102626
-0.0085482 -0.014457047
0.04220751 -0.10101494
0.08308053 0.36639118
0.012086213 -0.022532314
-0.0364213 -0.046899468
0.053002864 0.05976963
-0.035114765 0.046691332
-0.0053887367 -0.020761624
0.0025503635 -0.0013102144
0.0518592 0.038694322
0.005679846 0.011961147
0.030083 -0.032195404
0.036180437 -0.081134945
0.033942968 -0.02889672
0.037358224 0.10077065
0.092488885 -0.0045779347
0.014404938 -0.00620953
0.030727535 -0.086880594
0.040050924 -0.031811044
-0.013868511 -0.080785304
0.034614325 -0.026384532
0.054133892 -0.13843548
-0.056998283 0.011216342
0.07534942 0.03135857
-0.035820693 -0.052610025
0.0005813837 -0.031706214
0.039932847 -0.0030960217
0.20850298 -0.03644875
-0.01494959 -0.049604326
-0.11616324 0.062318265
0.08397275 -0.0147691965
0.03182784 0.004392743
0.013767689 0.08656961
0.062045306 0.08850926
-0.18742077 0.34838998
-0.010474622 0.072443545
-0.03169954 -0.05470699
-0.045645535 0.03908199
0.03553945 0.012322068
0.007978648 0.05875969
-0.0631662 0.112353474
-0.010913879 0.020596057
-0.08806709 0.060687143
0.037710376 0.08660041
0.04241386 0.035522416
0.04604785 -0.0103260875
0.13239685 -0.29704309
-0.11745661 -0.3171613
-0.0016239379 0.01772955
-0.02442318 -0.006131798
-0.03438007 0.041896045
-0.041195028 0.0008754134
-0.017204702 0.039123833
0.050239265 -0.0004988313
0.11074698 0.035223722
0.0057374835 0.0902898
-0.0019839406 0.056100607
0.0028396547 0.05110833
0.03650611 0.00046524405
-0.009330735 -0.016714573
-0.19404006 0.030971974
0.004880309 0.0020186529
0.07852781 0.027604934
-1.1147393 0.2564351
-1.3075427 0.17059803
-1.4495555 0.14943393
-1.5734432 0.27814656
-1.3089347 0.21199903
-0.3920824 0.017296415
0.056240916 -0.0125210285
-0.1652919 0.05894143
0.011847019 -0.014725793
-0.024466366 -0.013903622
0.023579717 0.0030058622
-0.05532675 0.01830557
-0.09652597 -0.043032527
0.013979912 -0.029772222
0.09866667 -0.01745683
-0.07288116 0.09735274
0.2828796 -0.10712618
1.0809407 -0.31055766
1.101635 -0.51168525
-0.16602391 0.21635729
0.024393797 0.08238624
0.060536563 0.039601
0.15474877 -0.0043481737
0.047044933 -0.026601315
0.011200791 -0.018128797
-0.0023260713 -0.04631099
-0.1052618 0.084092975
0.005381882 -0.02208671
-0.04432416 -0.09244102
0.81651056 0.21303463
1.2490795 0.21081036
-0.14831644 -0.25636446
0.089107394 -0.06304449
0.008961618 -0.13004303
0.19730091 0.104676515
0.034528553 -0.02754724
-0.03890592 -0.023247227
-0.06739274 -0.03306583
-0.08001366 0.039685223
0.12945077 0.005559545
0.051280558 0.023413822
0.051622897 -0.01742585
0.12002635 0.03748536
-0.28362018 -0.26835674
-0.15789449 -0.1636076
0.060664713 0.38432658
-0.055761874 0.1332615
-0.13233149 0.023971736
-0.29418427 -0.106155634
0.025703281 0.054159045
0.05209504 0.049275443
0.06558521 0.05399841
0.14095983 0.03782627
0.10096575 -0.0030336082
-0.0054638013 -0.0070852935
0.002772458 -0.023240626
0.019391127 -0.020355135
0.05615417 0.0706134
0.032248005 0.07145959
0.114672974 -0.06353706
-0.0059550703 0.04501614
-0.043260843 0.06517989
0.0072010458 0.06401215
0.025658935 0.021248579
0.04244162 0.034371674
0.00510028 0.03192447
0.07884196 0.06257744
-0.0032456815 0.03111495
-0.04223667 0.044116437
0.04518622 -0.04613892
0.039578952 0.08881064
-0.022340551 0.0072624534
0.061014354 0.036740094
0.022247076 -0.059703782
0.07359636 0.13285804
-0.035743833 -0.010525063
-0.04506457 0.010309786
-0.004541993 -0.026705861
0.02011627 0.0313251
0.050118566 -0.015058935
-0.031181112 0.01097101
-0.054754212 0.001075685
-0.054773957 0.044207394
0.014777899 -0.14294988
0.121894106 -0.06732452
-0.02259995 0.05834174
0.028848872 0.043126762
0.032386743 -0.023658454
0.24717048 -0.08019365
-0.024948642 0.018346105
0.11433235 0.22882724
0.13519284 0.11413485
0.07002924 0.07693857
-0.08935143 0.01322484
0.021720655 -0.05048436
0.10151552 0.015776515
0.09504882 0.04020524
-0.038468592 -0.0068650246
0.038922388 0.041787803
-0.016411068 0.019737959
-0.08669235 -0.0019285083
-0.058266975 0.008651108
0.017130498 -0.03660564
0.06682032 0.1026868
0.014193919 0.023087025
-0.048702165 -0.0034264326
-0.03483525 0.02033329
-0.17457898 0.1186102
-0.065406024 -0.043008745
-0.021590881 0.09477341
-0.038113277 0.007754922
0.14076397 -0.06322867
-0.0012475625 0.027283728
-0.048757963 -0.020994186
0.03295975 -0.006839037
0.062551185 -0.028391153
-0.038431495 0.010127366
0.061242074 0.045531318
-0.0005868152 0.08148795
-0.005307153 0.021287024
0.08790873 0.056958653
-0.06567162 -0.050448403
-0.010336161 -0.06665972
-0.04472381 -0.03164521
0.14913255 -0.06876081
0.03952238 -0.028454185
0.044005483 -0.024956465
0.04614407 -0.054494977
0.051985502 -0.050163567
0.18597755 -0.17987198
0.1401152 -0.14969683
0.103260726 0.05465412
0.13272764 0.0490762
0.04389012 0.050360203
-0.035220273 -0.06366974
0.079734996 0.03616841
0.00536409 0.025032677
-0.03608364 0.009956192
0.01704079 0.0024919957
0.017061263 -0.104794204
0.066148095 -0.011015356
-0.25098595 1.0122774
-0.5039168 1.1039454
-0.64219284 1.1064055
-0.5029545 0.9246455
-0.326704 0.49337643
0.07919878 -0.27002752
0.042789906 -8.183718e-05
0.00025507808 -0.023574904
0.06319496 -0.06749065
0.06085965 0.010953307
0.005786538 -0.0678978
-0.006847799 -0.13296193
-0.0030150563 -0.047907054
-0.062233835 0.04874015
-0.019734442 0.04246843
-0.06112653 -0.026642501
0.054906487 -0.03584242
0.013699114 -0.055921197
0.03648621 -0.013107866
0.06444067 0.047291905
0.03314519 0.02663152
-0.015858531 0.04059526
0.09723529 0.01834765
0.06259833 0.0034780204
0.067078136 0.03849554
0.020876791 0.070397764
0.1402967 0.0483101
0.08877227 0.009868979
-0.047261238 0.087222934
-0.11844164 -0.1073001
-0.012097061 -0.057136357
0.021664977 0.017098129
-0.059977412 -0.049638003
0.04687196 -0.016902253
0.036255717 -0.05263395
0.02552849 -0.028680414
0.11127144 -0.006649941
0.0038464665 0.09041715
-0.13291632 0.18061852
-0.07002084 0.071460545
0.028612278 -0.056927383
0.036915287 -0.15953815
0.06290227 0.12186515
0.11862087 0.20007348
0.3007247 -0.10228136
-0.04873973 0.07014226
0.06616062 0.0019467548
0.035213053 0.025573371
-0.015497267 0.004746247
0.069790184 0.0052410215
0.022616684 0.049759656
-0.0021192431 0.02297473
-0.03152983 0.042625576
-0.06298182 0.04753518
0.03385064 -0.0033231974
-0.12768991 0.10733166
-0.30505353 -0.17641859
-0.017469466 0.027469426
0.15062076 -0.05453694
0.14103466 0.01851219
0.0069013834 0.005622238
0.07156628 -0.046637297
0.04205519 -0.016967477
-0.03865698 -0.08265172
-0.17037328 -0.02874461
-0.20234564 -0.050298527
-0.064641714 0.03312461
-0.12353104 -0.05427295
-0.23341113 -0.05900544
-0.25121588 0.06484407
-0.42360777 0.040443897
-0.30258626 0.026411176
0.04717815 0.06003803
0.042097718 0.025931954
0.080580294 0.09736174
0.008376688 0.033928156
0.025138944 0.07821877
-0.037553422 0.05937939
0.01167636 0.06430029
0.006100908 0.004325224
0.056146473 -0.0066579133
-0.022242844 0.10198215
-0.019195437 -0.046951473
-0.013682753 0.10125941
0.11940485 0.009959519
-0.032418996 -0.0142534375
-0.032574683 -0.07393366
0.08314633 -0.027026176
0.11621794 0.045897067
0.05742541 0.049855858
0.010897338 0.09903228
0.05291362 0.0047779083
0.010831218 0.08089642
-0.042721756 0.10310456
-0.030892044 -0.03477165
-0.2129198 -0.032117397
0.053879693 -0.06334995
0.020770818 0.03419043
-0.11254245 -0.06257667
0.023062617 -0.060451612
0.066379964 -0.10999913
0.029310793 -0.02923686
0.07995501 -0.104412004
0.038859487 -0.08495097
0.07284802 -0.06782293
0.03066513 -0.01289866
0.04462096 -0.026569292
-0.037306994 -0.030622154
-0.0007663369 0.009739131
-0.01510635 -0.018185824
0.07420942 -0.037822336
0.04736322 -0.016800672
-0.109711766 0.022853225
0.0013114512 0.03673002
0.015711844 -0.0024058819
0.11094931 0.09748897
0.08822124 -0.010526538
-0.06191216 0.0019294024
-0.2065528 -0.8518728
-0.12677453 -0.95861477
0.020473093 -0.08441043
-0.004792094 -0.031889558
0.100613974 -0.19470403
0.010421127 0.061354153
0.07125774 0.030668944
-0.0030526817 -0.018840313
0.053037196 -0.06879866
-0.026324004 0.088211
0.370325 1.1347451
0.16916123 0.73748875
0.107206106 0.45313346
-0.058006108 0.22334278
-0.05876243 -0.28121197
0.09849894 0.07369757
0.09444457 -0.037494242
-0.043520093 0.015293151
-0.03594649 0.003218338
0.007383704 0.023685113
-0.029062748 -0.06441882
0.019873083 -0.040226102
-0.078452766 0.11837077
-0.035424516 0.05010122
-0.0081646275 0.067968786
0.09560188 0.06471765
0.02628228 0.101545036
0.009223878 0.07438922
-0.08744258 0.0844056
0.021368504 0.09459263
-0.029684424 -0.0076982975
0.09736961 -0.13444018
0.09635228 -0.06967163
0.102472365 -0.042046547
0.03930356 -0.10941756
-0.07977584 -0.0063955784
-0.008190662 -0.029215336
0.00981015 0.052642584
0.009345889 -0.043234304
0.96881396 -0.10546384
1.0136372 -0.34519434
0.98175836 -0.47373784
0.027114093 0.07727492
0.047485948 0.023114711
0.104738176 0.042501897
0.075863004 0.03994119
0.04635118 0.04305656
-0.054815434 0.014593206
0.02397091 -0.090563215
-0.25730768 0.17537352
-0.049103394 -0.071232334
0.041033596 -0.024072707
-0.11575347 -0.11592233
0.0059277415 -0.1461783
0.08660257 -0.053564727
0.22994047 -0.25790894
0.088653564 -0.09182751
-0.24724942 -0.05130273
0.15599799 -0.1942352
0.034555137 -0.044935465
-0.07188851 -0.10665378
-0.14362568 0.01479651
-0.10699952 -0.031275205
0.16000578 -0.07739153
0.12458858 -0.044909388
0.07420467 0.013655245
-0.032299973 -0.021171987
0.030102026 -0.020814776
0.05087009 -0.114682674
0.004351288 -0.008091539
0.02680543 0.011083096
-0.0006880313 0.005562544
0.06371592 -0.026622377
0.02453959 0.0026037823
0.021763325 0.015892003
0.038883716 -0.0049708486
-0.017154649 0.043136306
-0.059127122 0.015991509
0.0063085556 0.038404062
0.0062822104 0.0012928098
-0.03414163 -0.03699965
-0.07946092 -0.14396513
0.0864791 -0.01696163
0.10866835 -0.11626649
0.014256388 0.0627175
0.05136609 -0.006002985
0.03398204 0.023263298
0.0008651614 0.028737873
0.025717258 -0.0044576228
-0.015683174 0.006516099
-0.036507785 0.64641094
-0.15112366 1.0273318
-0.16103356 0.9478599
-0.052620325 1.2739024
-0.3267048 1.2555194
-0.2224907 1.0363555
-0.08247161 0.4312036
0.06572695 -0.061399102
0.20073885 0.016446829
0.0040531643 -0.005709082
0.078858554 0.020607743
0.006597653 -0.0016084313
0.0017303228 0.026469171
0.061683968 -0.108190894
-0.02884388 -0.01319474
-0.13529731 -0.8463217
-0.018781811 -1.1957662
0.16921958 -1.0062196
-0.018013656 -0.05301398
0.007438574 -0.039448082
0.0063230246 -0.068906665
-0.012175456 -0.08828527
-0.032731142 -0.11019099
-0.01957002 0.047432885
0.0041522086 -0.01953721
0.0013537034 0.19711772
0.03884218 0.047428787
0.09480988 0.037804365
-0.0078963 -0.13383925
0.07519951 0.038052976
0.08058776 -0.18952708
0.093237534 0.03629227
0.021912225 0.038947158
0.011074245 0.06145549
0.016103655 -0.027206376
0.024998143 -0.054013968
-0.05139929 0.06800321
-0.048236057 0.12706429
-0.00498417 -0.020022184
-0.017903179 0.04289928
0.01205796 0.0045235157
0.027773932 -0.017744645
0.046774976 0.05290264
0.0057038367 -0.12791741
-0.01512748 -0.09165849
0.113556385 -0.031105217
0.030748606 -0.07979904
0.071980596 -0.03565073
0.06451994 -0.00991901
0.10367018 0.00852184
0.120345056 -0.095886484
0.0390715 -0.033051774
-0.0022588968 -0.028170466
0.05189699 -0.029266119
0.07377854 -0.005782947
0.1524263 0.03869641
0.09977727 0.0182271
0.044559605 -0.1818536
-0.0095051825 0.07293754
0.020672023 0.03330511
0.014285862 0.043703765
-0.03881842 0.05729276
0.001465708 0.030793697
-0.0074025095 -0.017953709
0.0017848611 0.036753517
0.017056406 -0.0053640753
-0.005377114 -0.065473735
-0.028066188 0.008684427
0.038567096 0.014450565
0.047918975 -0.072864115
0.033282995 -0.035949126
0.046914637 0.21178436
0.023306906 0.05732705
0.0002052784 -0.002260061
0.02182573 -0.020466402
-0.018841147 0.035100408
0.0007651448 0.02558295
0.048442602 -0.00074775517
0.07470584 0.058215793
0.008750677 0.057420496
0.03307867 0.022637703
0.06715518 0.060264573
0.045455925 0.06273852
-0.07114451 0.046628475
-0.19053443 -0.007818416
-0.029912114 -0.07589355
0.10295552 -0.02796787
-0.27557045 -0.029324897
-0.03256339 -0.0062744915
0.052107036 0.0038387775
-0.016067028 0.058817565
0.0002335012 0.02146411
-0.010673642 0.027662456
-0.128861 0.02529499
-0.053686783 0.03197761
0.040488552 0.045503985
0.13485108 -0.12837835
0.28663248 0.07900794
0.06856626 -0.010886282
-0.08597422 0.084090635
0.43376368 0.24432462
1.22844 0.21815413
1.0870976 -0.078406006
1.2423854 -0.052231535
1.2823397 -0.115050994
1.3528254 -0.05049296
1.23747 -0.010696374
0.015396893 0.017414477
0.07303822 0.013509247
0.09825727 -0.102194175
-0.0030392893 0.004277304
0.11406584 0.027347818
-0.02225171 0.03795524
0.046240985 -0.00019821525
-0.015131593 0.050749004
-0.0487628 0.01524955
-0.03462851 0.021772236
-0.056898177 0.059968717
-1.1844423 -0.05258606
-0.4647128 -0.0776339
-0.032096803 0.05343914
-0.062372506 0.026717782
0.050985187 0.019761503
0.031687066 -0.0036127865
0.054639757 -0.07086648
0.0010224842 -0.0039013624
-0.03242974 0.08011241
-0.055718973 0.010477185
0.022379965 0.023484468
0.1060797 -0.12545618
-0.03719175 -0.04813522
0.0027739406 -0.021398395
0.064492404 -0.017948717
0.098962486 -0.012145184
0.088222384 -2.0563602e-05
0.086006045 -0.0054376125
0.026941031 0.079406515
0.08097483 -0.03081569
0.011452407 -0.1813522
-0.028178602 -0.09927276
-0.06589365 0.10611987
-0.015932888 0.039022803
0.026883543 -0.028153121
-0.013221353 0.014771879
0.026008487 -0.05936241
0.025712758 0.019539893
0.052678913 -0.028479755
0.0023958385 0.021319091
-0.0011985525 0.011915982
-0.030767322 -0.016260743
-0.0021305084 -0.046774447
-0.34369087 -0.5064521
-0.26528406 -0.14305341
-0.06045127 -0.0513556
-0.19402286 -0.2220245
-0.28534305 -0.45561492
-0.025598794 -0.04481983
0.02632156 -0.03191805
-0.00081153214 0.01958111
-0.020228278 0.032025367
0.015568271 0.016294584
0.019815542 0.066206984
0.036268085 0.011473
0.050517738 0.014049292
0.013514727 0.0021747947
-0.014564186 -0.031259358
0.025294542 -0.0024086833
-0.027442515 0.07795298
0.012330711 0.14896762
-0.028799802 0.03479278
0.08191289 0.039247096
0.057326816 0.03278616
0.04586262 0.026466817
0.106056154 0.08163417
-0.025273472 -0.030979633
0.012804151 0.04416278
0.030950308 -0.046421587
-0.053617954 0.0061538815
0.06724733 0.27074558
0.021534204 -0.0033689141
0.057544738 0.008507907
-0.18085098 0.09101385
-0.76355034 0.2909926
-0.20450133 -0.0466367
-0.018123865 -0.0060575902
-0.00051254034 0.008651793
-0.019457519 -0.09157282
0.056702554 -0.06292343
0.17082807 -0.027675569
-0.050980926 -0.03287165
-0.043975785 -0.028438509
-0.050187528 0.030010551
-0.1023058 0.038893133
-0.028286457 0.041706443
-0.018250644 0.013023257
0.04199332 0.015531659
0.004297197 0.063316554
-0.030013025 0.09011811
-0.05574459 0.020611621
0.036245465 -0.004366204
0.12628943 0.0036328435
0.0024623275 -0.014849484
-0.020947143 0.05073124
0.08465317 0.12005764
0.025818855 -0.07124174
-0.022060335 0.0139350295
0.12244779 -0.11118317
-0.13773239 0.023092598
-0.9120096 0.14356127
0.026437104 -0.0038470626
-0.02129136 -0.012277022
0.026543267 0.088329464
0.0042897384 0.03634398
-0.030663103 0.18434523
0.1911416 0.0059018843
-0.056192294 -0.15245669
0.025568128 0.035592467
0.0038631558 -0.026298389
0.07970816 0.03421244
-0.04307553 0.02125004
-0.01347518 0.031133771
0.07026839 0.046043456
0.045533538 0.084741324
0.029715002 0.012783736
0.06518519 0.05864224
-0.023963213 0.0074486136
0.029636681 -0.04970239
0.057305753 0.018955588
-0.044912845 0.023168162
0.045821965 0.026494868
0.100727335 0.16206473
0.053561743 0.013705671
0.022053242 -0.093824804
0.0068787485 0.016616195
0.08271365 -0.04988861
-0.03895521 -0.105676174
-0.20960006 -0.1529389
-0.13364667 -0.07554975
-0.5945929 0.08954483
0.09356135 -0.099951446
0.017125785 0.067701936
0.05924064 0.0033516884
0.07101017 -0.0007838309
0.03486383 0.058748804
0.3413797 -0.03733895
0.09144026 -0.021147044
0.06291093 0.05301205
0.004142195 -0.014261365
-0.044431 -0.029531881
0.045960546 0.044935882
0.067753255 -0.043248743
-0.011282206 -0.06279823
0.05841106 -0.037712455
0.05349356 -0.023566008
0.012686431 0.0120756775
0.070969015 -0.01993322
0.014817387 -0.0040951
0.0021285266 -0.0023908988
0.06848833 0.01910521
0.08060264 -0.0038839877
0.028358836 0.023464575
0.058927372 0.034849107
0.039673924 -0.01796472
0.020476967 0.08589897
0.021095514 0.021879017
0.07590091 -0.007421691
0.036947787 0.017487753
0.17622262 0.052671112
0.9024419 0.1948427
0.03895873 0.004257813
0.11386295 -0.037450433
-0.016562477 -0.06285167
0.018237382 -0.017436802
-0.048305295 0.046357274
-0.071819775 0.08140534
0.0011981875 0.006398648
-0.111827254 0.11160061
0.07834095 0.033042923
0.018156528 0.020667795
-0.0059081316 -0.03580427
0.019577801 -0.0189358
0.048186183 -0.017621875
-0.033796728 0.1713044
-0.094356894 0.007850349
-0.06851947 -0.06592715
-0.119432986 -0.07291126
-0.11095253 -0.06993437
-0.01388374 0.23879069
0.03548324 0.16400671
0.1271936 -0.1066646
0.12154671 0.5347342
-0.15431039 0.104180515
-0.0035107136 -0.012928754
0.1728 -0.051585905
0.12457305 -0.022326231
-0.16946328 -0.22616966
0.044836402 0.077934355
0.12682077 0.08911437
0.0701738 0.050813317
-0.0033658296 0.056810677
-1.2766225 0.29070234
-1.2924033 0.27878386
-1.2251265 0.1896751
0.22055507 -0.14840862
0.093648136 -0.06623563
0.044213414 -0.08212779
-0.5801324 0.032260936
0.053353876 -0.09699443
-0.0137964785 0.030196294
0.04053007 0.0055203214
0.0053288937 0.03911339
0.031199902 -0.066466704
-0.024644017 -0.046055406
-0.0030608773 -0.04914701
-0.026171982 0.12965831
0.21639131 0.53419983
0.028687745 0.030118227
0.033622295 -0.15406948
0.07491134 0.06359023
0.21592468 0.9713675
-0.038164124 0.67457235
-0.05431077 0.23226929
-0.011401905 -0.021424592
-0.11603315 -0.0011364818
0.022546232 -0.009800632
0.10177925 -0.06529316
0.032872617 0.054752916
0.10377324 -0.023015887
0.051254094 -0.11447114
0.06650603 0.11328834
-0.10832685 -0.15149334
-0.036992073 -0.0884372
-0.09841862 -0.037170395
0.020026296 -0.07671713
0.06202635 -0.02537188
0.0458809 0.019304074
-0.04537356 -0.05331184
0.02727298 -0.00028565526
0.023595795 0.020991325
0.01648797 0.05829063
1.5079975e-05 0.09208748
0.0080635585 -0.030484885
-0.019848444 -0.004796028
0.035436258 0.04129325
0.015790299 0.05786538
0.03573907 0.05865172
0.01991681 -0.03925011
0.015922107 0.0095810145
0.06509219 0.019866176
-0.01932314 0.07208347
0.41964978 -0.3228115
-0.0042629093 0.06708938
-0.010992214 0.095840275
0.039374158 -0.19687587
0.032498896 0.0047624707
0.3472112 -1.0944422
0.5259794 -1.2691092
0.024613857 -0.07852012
0.0068535805 0.0036789775
0.035033464 -0.15733808
-0.020138562 -0.040650845
-0.031986654 -0.06100005
0.12376702 -0.12985174
0.14788517 -0.034376744
0.13494045 -0.0009301603
-0.043495372 -0.06727812
0.0542942 0.07258448
-0.030645251 0.10393433
0.031853527 -0.028969347
0.035515696 0.061999053
-0.026500762 -0.020067215
-0.0029896796 0.009470046
0.04429835 -0.036189765
0.017743766 0.021610275
0.019349396 0.06807445
-0.0507558 0.007974833
0.04580927 -0.088514
0.038782895 -0.0073590875
0.06228493 0.110774696
-0.23181996 -0.9218175
-0.29282826 -1.1687006
-0.4175539 -1.2259969
-0.2339311 -1.1040146
-0.36615908 -1.0123643
-0.110851705 -0.03683555
0.04068631 0.03482753
-0.20920731 -0.14373598
0.010275722 -0.036260247
0.062241703 -0.08880651
0.094655335 -0.011189491
-0.059885144 0.011995625
-0.031856835 0.045750227
0.016223311 -0.0015382059
-0.0031647086 0.015062987
0.04788208 0.0038464824
0.039129734 0.012891991
0.1026414 0.085196264
0.036684938 -0.004492596
0.03424625 0.04405667
0.053135037 -0.038802832
0.032954395 -0.019688308
0.024232984 0.006675184
0.00076436996 -0.110919476
0.007279873 0.26777887
-0.040575802 0.13903207
-0.029698968 0.006322682
-1.3723814 -0.69770217
-1.2904376 -0.46114728
-0.50091195 -0.030308157
-0.21465534 0.04476117
0.18846893 -0.06110978
-0.0021733046 -0.011066586
-0.052497506 0.029370546
-0.12071985 0.06833148
0.012103081 0.09121144
-0.32362193 1.2001534
-0.21766004 1.1274543
-0.11597062 1.1085746
0.10611956 0.049918234
0.05064708 0.13113493
-0.004321873 0.05076939
0.009799659 -0.10508841
0.033549517 -0.07715142
-0.06516988 -0.03606254
0.018409777 -0.07611555
0.06836073 -0.0009033084
0.028939046 0.07375389
0.110519186 0.004772097
-0.044304088 0.026973397
0.07142557 0.13536331
0.115165696 0.06020674
0.17034495 -0.07734299
0.11567688 -0.07601082
0.027234554 -0.131315
0.011369988 -0.08914578
0.041582048 -0.15335608
0.0012870133 -0.043673277
0.10497871 0.13486087
0.09140599 0.01854819
0.018783897 -0.004554525
0.014495194 -0.010866456
0.08236194 0.026760936
0.053855717 0.10799405
0.087607205 0.058646023
-0.09299946 0.09673643
-0.0040726066 0.02183342
0.55522144 -0.5813414
1.0727929 -1.0278431
0.9821256 -1.023588
0.0784502 0.09028345
0.19979453 -0.13205588
-0.031481504 -0.03368649
0.030675411 -0.05573252
-0.3760684 0.032198146
0.11105016 -0.046966214
-0.34283122 -0.032000247
0.03215848 0.038865343
0.025307178 0.004402697
0.0024771094 0.040410936
0.08955741 0.00041747093
0.013756096 -0.026587889
0.10014522 -0.030258268
0.108400464 -0.046140805
0.089190066 0.00995177
0.05997187 0.020840317
0.051229417 -0.022803843
0.09886736 -0.030662328
-0.014941812 0.048811823
-0.024227142 0.0018856525
-0.05714923 0.057813667
-0.015987039 -0.041970216
0.2671063 0.080860704
0.0456336 -0.021577641
0.06300997 -0.12567678
-0.017442346 -0.025119215
0.04901056 -0.05485493
-0.041386783 0.016119182
-0.5168386 0.44627443
0.012526751 -0.058097348
0.0055261254 -0.06823602
-0.6557846 -0.56568766
-0.22213113 -0.15654087
-0.30402282 -0.16349167
-0.041583627 0.008516312
-0.042620003 -0.091071725
-0.062420137 -0.19790694
0.019028157 -0.012165934
0.0446485 0.052699804
0.14236861 -0.024531998
0.0073726177 0.019887466
0.04274279 0.0036133826
0.15032166 0.076101154
-0.04974127 -0.04567188
0.030036986 -0.04821706
0.1208204 -0.11597681
0.0035264492 -0.15195167
0.031769246 0.07292616
-0.05421123 0.0032494068
0.049487315 0.033345252
0.19416678 -0.05742003
0.038037628 -0.04864168
0.03548211 0.022048563
-0.03176737 0.009734452
-0.113167286 -0.02429074
-0.37227923 -0.18219137
-1.0603894 -0.9261415
-0.32722074 -0.20493108
-0.17733204 0.09316337
-0.116562545 -0.20883626
0.045162022 -0.0039209127
-0.005118124 0.04930359
0.0857026 -0.03026098
-0.005843479 -0.048111975
0.009945061 -0.06904742
0.100987256 0.054648653
0.02494143 -0.04279533
0.04832627 -0.03305979
0.063408256 0.036782384
0.1075443 0.019376367
0.07475889 -0.014243305
0.09738058 -0.0067787766
0.08115995 0.14471835
0.041730046 0.109734
0.085342646 -0.06651628
-0.89426637 -0.21399269
-0.1887359 -0.056385934
0.248968 -0.017027609
0.13712174 -0.04103233
0.01188302 -0.07225939
-0.17902513 0.02235873
0.010821119 0.038280353
0.05040677 -0.011870593
0.08038983 0.027373314
-0.036172688 -0.014668256
-0.0014005303 -0.033270925
0.06905651 -0.036263227
0.022962272 -0.010883912
1.1465887 0.124934584
0.9684012 0.085932106
1.2426965 -0.02851082
0.022578657 0.015280098
0.021381557 -0.019205093
0.022976935 0.041445524
0.048608243 0.048697084
0.08289611 0.044254243
0.060980618 0.13588473
0.22009416 0.10831226
-0.015499219 -0.044711962
0.04871251 -0.061367065
0.009776056 -0.049987793
0.012838542 -0.01674369
0.018848836 -0.040227085
0.108463794 -0.008859992
0.037740976 0.014821731
-0.048901528 -0.032030102
-0.307031 -0.26312512
-0.055481523 -0.11960824
0.12056273 -0.041744478
-0.03521067 -0.018845797
-0.0027552545 0.05076787
0.09826335 -0.049164265
0.07312271 -0.011086553
-0.009703497 -0.18451202
0.07815193 -0.035689086
0.098409146 0.035046697
0.060733512 0.049717024
0.0475263 -0.06791209
0.059619144 0.035858303
0.08686508 0.042363465
0.023386523 -0.11697063
-0.08393904 -0.0026434064
0.025845557 0.03502166
-0.0064145476 -0.051625013
0.013052702 -0.02047623
0.040922493 -0.02627121
0.05666405 -0.038825452
0.0023356676 0.0017424226
0.047991812 0.00920926
0.13410324 -0.0047810078
0.022976577 0.009828374
-0.0065076947 0.02069804
0.2749678 -0.061314434
1.1225888 0.13331981
1.02669 5.6289136e-05
0.025032997 0.09584297
0.04744667 0.100765735
-0.029895067 -0.021629125
-0.07121959 -0.1024366
0.075224936 0.13516366
-0.014255717 0.116898775
-0.03358692 0.07505584
-0.15259749 -0.3330636
-0.68350047 -1.2213005
-0.22699672 -0.625363
-0.05447063 0.10570127
-0.1483177 -0.160411
0.071027994 0.07876688
0.10196638 0.11741033
0.027011037 -0.073856086
-0.0136630535 -0.10557409
-0.048873127 0.055350125
-0.004428625 0.12655723
-0.0524109 0.08776134
-0.037544608 -0.02653405
-0.035129547 0.08591303
0.0077378303 0.031595804
-0.015065841 0.19194224
0.0026855618 0.050673857
0.1255112 0.02838263
0.10277355 -0.019337595
0.16975287 -0.12783891
0.090565234 -0.06807202
0.1371786 -0.05703771
-0.03346032 0.082618
-0.020826519 0.04648316
-0.034918785 -0.031244636
0.036524713 -0.046705186
0.1390456 0.0015885681
-0.005978644 0.01849822
-0.00010383129 0.030034091
-0.006411135 0.05154167
0.016201407 -0.07257795
0.0123298615 -0.15401402
-0.0320621 0.056962788
-0.027418435 0.06693399
-0.009865582 0.081726074
0.058919013 -0.02944976
-0.052832425 -0.04163772
0.85978997 -0.7277907
0.82909536 -0.5476033
-0.045373276 0.020874128
0.04315965 0.028527856
0.04305078 0.09166716
0.08209958 0.056385994
0.026293907 -0.024996594
-0.05430101 0.051122174
0.10866256 0.028781384
-0.083626986 -0.025515616
0.06442183 -0.026383933
0.027631551 0.013195658
0.036163837 0.0006070137
-0.06617889 0.09162021
-0.035246283 -0.033435404
0.026643634 -0.001081109
0.101408154 0.26025373
0.2681989 1.0062349
0.37539858 1.2056341
0.35708898 1.3618442
0.11491296 1.3846004
0.24460167 1.151324
-0.07173368 0.97254837
0.12409665 -0.08608025
0.076407194 0.038101554
0.04139182 -0.05624205
0.091030955 -0.059145764
-0.006760299 0.007302031
-0.11617422 0.016505599
-0.022266924 -0.10289729
0.0030684173 0.096547306
0.016136855 0.041392744
0.021450758 0.06574318
0.05075729 0.030900627
-0.2245572 0.007311851
0.028636634 0.033302784
0.062508374 0.120221734
0.017076895 0.084735334
-0.043194413 0.13432318
0.14649421 -0.09248337
0.067084074 0.0109015405
0.007355511 0.06583089
-0.057558298 -0.04360169
0.020074189 0.010179654
-0.0029419363 0.038631473
0.011800855 0.047661267
-0.054932952 -0.002008289
0.03456025 -0.04569903
0.055123508 -0.035348013
-0.073731385 -0.09924838
0.010484431 0.014685184
-0.005865168 0.08168411
0.052435443 -0.06042856
0.08873798 0.04324603
0.04780528 -0.0022405386
0.024866432 -0.022780657
0.07666421 -0.0024200082
0.06479105 -0.0398075
-0.026452243 -0.044353127
-0.038784653 0.11054695
-0.06818044 0.9367434
0.043896414 1.0289794
0.11082581 -0.054444373
0.01705055 -0.14400387
-0.18841374 0.509481
-0.28509605 1.2090034
-0.15722135 1.1043057
-0.030981898 1.1500953
0.12739252 0.029807746
0.16412279 0.054852724
-0.09841685 0.14896521
0.027643412 0.035339892
0.086440474 0.028653614
0.032451734 -0.003512971
-0.050617643 0.00214535
-0.009700172 0.028972626
-0.048886262 -0.01627469
-0.009243801 -1.2237998
-0.05457945 -1.3782392
0.04663679 -1.4605128
0.003366366 -1.2295758
0.006125018 -1.2384309
0.11946988 -1.225837
-0.117855474 -0.52465796
-0.05568801 -0.022388637
0.032908514 -0.11857283
-0.054183044 -0.034031153
-0.025540752 0.045034528
0.06417899 0.03824359
0.03548719 0.052927226
-0.025033295 0.021884207
0.0680837 -0.056812197
0.02884692 0.04172814
0.14055139 -0.063394666
0.011278868 -0.32940203
-0.07040855 -0.07252702
0.0012775362 0.054867268
-0.08856493 -0.037957966
0.05978903 -0.14727758
0.045584977 -0.015649848
0.08453412 0.010124691
0.07992256 -0.08034989
0.07229683 -0.08875057
0.1206567 -0.013599664
0.0147669315 -0.1033563
0.10446024 -0.03276521
0.13820016 -0.07787526
0.052128494 -0.021072984
0.011809707 -0.06850028
0.045684367 -0.035414934
0.0022395253 0.016394377
-0.10668751 0.20115963
-0.037811145 -0.031027496
0.025495067 0.044312775
0.0012162328 0.05778274
0.1770258 0.00021629035
0.07095343 0.035908803
0.026109695 0.08391738
0.45611632 0.10195486
-0.02151537 0.13851288
0.4583164 -0.18075743
-0.04252863 0.043330193
-0.08328223 0.21367323
0.06052667 0.03377378
0.024937153 0.054953396
-0.08154935 -0.049261272
0.027388811 0.030638695
0.01904948 0.042675257
0.03632585 0.03791234
0.060222685 0.022618677
0.050813258 -0.01891552
0.058091283 0.01255504
-0.0009037256 -0.026213333
0.017371833 -0.045318186
-0.050412446 0.015500903
-0.050664395 -0.015852556
-0.037341148 -0.027040139
0.08589351 -0.013229534
0.085776955 -0.057434827
-0.017170697 0.09671923
0.048178192 -0.02737689
0.019670837 0.0064728856
0.042489238 0.033293873
0.040602196 -0.022751272
0.05210711 -0.00922364
0.04805226 0.03609012
0.04912539 0.08096494
0.075094566 0.041644365
0.075504124 -0.015779138
0.06282613 0.030073099
0.044404894 0.030377254
0.09441963 0.06459797
-0.035317138 -0.026888609
-0.021488503 -0.029033303
0.08830823 0.0008535683
0.041238457 0.06926653
0.038843006 -0.027112141
0.03783357 -0.022503734
-0.024431884 -0.08875704
-0.018354118 -0.15188825
0.05334598 -0.04041934
0.33851755 -0.27878243
-0.05779761 0.023626208
-0.57905924 0.33316445
0.11419237 -0.08797014
0.06689274 -0.069339395
0.021137118 0.0104468465
-0.080670655 0.0672245
0.020307958 0.0019994378
0.052362144 0.053793043
0.060551524 -0.040150568
0.03585726 -0.008053429
0.03292183 -0.009294212
-0.05699399 -0.06711686
-0.09708673 0.034748316
0.01739335 0.111692786
0.26044017 -0.16365612
0.053439856 -0.015892029
0.07582706 0.043040633
0.07500309 -0.021154404
0.0010514855 0.036130726
-0.043240845 0.021700025
0.073106185 0.08736104
0.009276491 0.14421552
0.00029750168 -0.0046277344
0.06361857 0.041141406
0.021448374 0.044010743
0.15158373 0.09399763
0.021897703 0.08315567
0.019907624 0.09798893
-0.03823918 0.065978944
0.013141632 -0.06966165
0.07122813 -0.009243906
0.07071149 -0.0071671307
0.013933539 -0.03822556
0.07087985 -0.023615122
-0.007589817 -0.055312574
-0.005146444 -0.075252146
-0.017245352 0.03784761
0.13270348 0.037991323
0.096879214 -0.044690438
0.029516727 -0.032190576
-0.023682281 0.0037523806
0.020519549 0.02259028
0.08968139 -0.029805928
0.020396486 0.008474648
0.02626121 0.02110511
0.02212885 0.006498635
0.0112660825 -0.12118316
0.21385664 0.36512494
0.4926545 1.2082157
0.49985537 1.3832061
0.0014995858 0.050961666
0.015735582 0.0658007
-0.013035774 0.06171484
-0.032031596 0.05088406
0.009749576 -0.0538076
0.055595666 0.0033775717
-0.033471197 0.051297203
-0.3186252 0.34076783
-0.040056154 -0.03290856
-0.026526779 0.08651045
-0.0817158 0.13120654
0.05094699 -0.030564606
-0.08145048 0.2514422
-0.01936555 0.05105406
0.022210479 0.053931594
0.03321123 0.0075351596
0.10854748 0.03803926
0.07040912 -0.04071811
0.012264371 -0.030624121
-0.04918605 -0.06783497
-0.0030731559 -0.007389009
0.03649181 -0.045838773
-0.026987702 -0.24491584
0.020790726 0.021983445
0.010631867 -0.058987916
-0.04028827 0.017097652
-0.039302498 0.09505671
0.07581568 0.019289196
-0.12595442 -0.012567759
-0.039112806 -0.03422284
0.017790496 -0.056285456
0.07213652 -0.12979442
0.01966986 -0.052294932
-0.00016836822 -0.015466824
-0.02138038 -0.16109477
0.059452012 -0.041779786
0.058244526 -0.09843555
0.06342386 -0.0338614
0.023400068 -0.0053952336
0.034062028 -0.0072081685
0.04234633 0.014609799
0.014441758 -0.06709406
0.0675281 -0.002035603
-0.0052875876 0.017462868
-0.003591448 0.033241555
0.07374668 0.058305815
0.012038186 -0.00048318505
0.11072321 -0.004503891
0.00085894763 0.035418883
-0.00014258921 0.03654094
-0.16806158 0.005827293
-0.1328095 0.13745011
0.057138994 -0.2348395
0.041113853 -0.037671525
0.0036343336 0.09707549
0.036882162 -0.022412308
0.019123316 0.010356408
0.06075696 0.035215482
0.02881454 0.04596901
-0.01897031 0.032508105
0.020072937 0.03316687
0.037272036 0.03720287
0.12860858 0.017419584
0.01894933 0.05180136
-0.005297005 0.04835759
0.05559191 -0.013713568
0.009853825 0.056982577
0.058781654 -0.10413408
0.047610305 0.045541674
-0.026315391 0.03732544
0.03140603 0.084817246
0.0074695647 0.0009019822
0.0074640512 -0.0050400198
0.13490069 0.049198437
0.06972352 0.03341414
0.019046754 -0.028643012
-0.05164039 0.04864317
-0.09076592 -0.033570766
0.072239004 -0.047050714
-0.0027951747 -0.04793656
-0.070449024 -0.0049180984
-0.08115655 -0.035126925
0.40269506 -1.0647523
0.12645781 -0.4418826
0.03131807 0.09080541
0.1757968 -0.15531898
0.6597881 -0.3603301
0.019602 -0.05859521
-0.072490126 0.047878683
0.024553984 0.0036048554
-0.019002974 0.12935305
-0.003204137 0.059477746
0.033028916 -0.19920969
0.04546398 -0.033786237
0.104322806 -0.044581205
-0.0075821877 0.016638666
-0.010658443 0.029924758
-0.010539815 -0.012226671
-0.0035807118 -0.016697198
0.20717345 0.02327329
0.057754807 -0.019828618
0.087898664 0.21058202
-0.07084571 0.55694616
0.12260455 0.98011553
0.006831676 0.15197206
0.005065173 0.124459624
0.027021945 -0.022233784
0.026166648 0.07104847
0.004973799 -0.0037201047
0.019901395 0.042696893
0.053571805 0.023417972
-0.028235584 -0.058101267
0.024082292 -0.067901015
0.09002626 0.03715235
0.07685155 0.043185174
0.007243037 0.052158713
0.054320395 0.19175309
-0.106245756 -0.053109884
-0.064650655 -0.0359869
0.07874644 0.07120371
-0.020534456 -0.024085611
-0.016293585 0.008010283
-0.0045636296 0.022881314
-0.040643632 -0.03433293
-0.10979307 0.035526603
0.03999923 0.0048256814
0.14471832 0.04657632
-0.0022887588 -0.07940096
-0.049538374 -0.050480068
0.0034422874 -0.045362145
-0.051203728 -0.1340161
0.05637425 -0.086468466
0.04355985 -0.05595193
0.0778572 -0.04414297
0.00058043003 -0.07181087
-0.18041529 0.057881534
0.014820643 -0.060189348
0.01324448 0.019057915
0.08219311 0.018187284
0.027658045 -0.038313538
-0.03808385 0.026640356
-0.0022174716 0.08393562
-0.010017693 0.01574871
0.015938282 -0.0012947023
0.050396204 0.030307874
0.0049184263 -0.17567158
0.06866505 -0.015982643
0.012661606 -0.005929351
-0.04856196 -0.038819224
-0.049940825 0.032867484
0.01359874 -0.035885915
0.020774484 -0.013966143
0.014779091 -0.028647602
0.03144297 -0.021002367
0.01317285 0.037093654
-0.004542879 -0.01006645
0.0663525 -0.031712502
0.027808666 -0.0038490146
0.0017533898 0.018164113
-0.023317277 -0.07517952
0.011474967 -0.08209735
-0.015133321 -0.040456653
-0.019544184 -0.035879314
-0.06581199 -0.07459137
-0.022985965 0.07813808
0.03934309 0.028797358
0.023936119 -0.0005957484
0.0038636029 -0.011871427
-0.043434083 0.030751057
0.009318829 -0.014755625
0.039993167 0.00093549676
0.039057374 0.04511617
-0.026479423 0.044414908
0.0977959 0.08721918
0.06301826 0.0783878
-0.04596162 0.017648414
0.090001106 0.034419686
0.056010187 0.033699125
-0.010448933 -0.045056134
-0.11507572 -0.15930873
0.14096546 0.015143454
0.081905186 -0.09552324
0.085915506 0.030787468
0.019636571 -0.24991125
-0.032393128 -0.0896208
0.05350101 -0.03503433
0.13179652 -0.21982956
0.0792998 -0.02801463
0.049663574 0.03717932
0.091970354 -0.055989236
0.038637638 0.036611557
-0.10438931 -0.014121309
-0.16748351 -0.07351737
-0.052096725 -0.001958087
-0.2159788 0.03761893
-0.1034559 0.00034364685
-0.37934017 -0.099280834
0.00043433905 -0.055620164
-0.4993999 0.26288545
-0.086014315 0.16054288
0.017554194 0.07411459
0.08347663 0.030323684
-0.05979806 0.058236808
0.07543832 0.085231066
0.035445094 0.039943516
0.016397119 -0.05368495
1.0104829 0.6672601
1.0994762 0.5744662
1.1507413 0.6068906
1.2001126 0.664981
0.097931385 -0.003383845
0.04398495 -0.057222933
0.09737861 0.019463003
-0.011243343 0.07497707
-0.092004 0.06375465
-0.07176915 0.059647143
0.03389153 0.035348594
-0.03175153 -0.010695994
-0.0025796369 -0.055404857
0.048963368 0.060131676
-0.3246511 0.023775645
0.01811421 -0.0069335327
0.0035592914 0.06679191
0.00032672286 0.040391117
0.14022532 0.0068496466
0.016438067 -0.01970607
0.09567705 -0.019732535
0.062087 -0.040849328
0.07307282 -0.047435403
0.06682441 0.052489758
0.08649671 0.041608512
0.055847164 -0.039225936
0.048045456 0.07605457
0.03362328 -0.1372253
0.00976789 -0.01964961
0.057519734 -0.014572769
0.077046275 0.0177809
0.06796962 -0.033955634
0.075745165 -0.0036917925
-0.05102992 0.060786664
0.04544878 0.011541337
0.019693702 -0.0017313957
0.034475163 -0.032182246
0.0016140491 0.0063450933
-0.00583281 0.05743918
0.006966114 0.04866761
0.007471025 0.022538505
0.007763803 -0.00021802634
0.02384162 0.03075692
0.06205666 0.038821198
0.07880765 0.06054605
0.21731764 0.124747455
-0.016105652 0.0813917
0.02174288 0.08427965
0.023883164 0.012604393
0.023438394 -0.032583546
-0.025780067 0.04887204
0.036419574 0.061296985
-0.050073475 0.042127784
-0.11526933 0.033837408
-0.06623018 0.064624935
-0.24560237 0.0036673248
0.09743655 -0.020447515
0.15281528 -0.03558942
0.067549825 -0.0030080527
0.040122926 0.056855872
0.09558624 -0.0168356
0.07168019 0.064526975
0.03911245 0.05853729
0.058936685 -0.017862022
0.05125107 -0.015938312
0.008909695 -0.016813695
0.05101698 -0.02501443
0.10274707 0.07113069
0.08645321 -0.040001303
0.09342578 -0.0065390468
0.035750136 -0.0066512227
-0.01631634 0.098933235
-0.04047714 -0.12063889
0.06926722 0.029213898
-0.016778074 0.050941143
0.0086555965 -0.015609428
-0.00095665455 -0.04595378
0.032055125 -0.03514202
0.017463386 0.005859524
0.0030350983 0.009447366
-0.03723532 0.012211859
0.011050791 0.036427885
-0.07689488 0.023606628
0.05188504 -0.046785265
0.096690774 -0.037187338
0.042702794 -0.08804581
-0.011959791 -0.12911351
-0.09161341 -0.082708254
0.03251642 -0.068909496
-0.048416674 -0.014769524
-0.030584276 -0.050792843
0.086283356 0.0046299994
-0.041827053 0.0006787777
-0.06181225 0.035542116
0.047065333 0.08074263
0.10092686 0.040273312
0.031962417 0.00679259
0.042448018 0.058358967
-0.013141125 -0.025414437
0.01707314 -0.46044248
-0.106921434 0.04579559
-0.058088213 -0.0055266023
-0.040956467 0.07180655
-0.04791987 0.11918366
-0.12798476 -0.21013662
-0.07162765 0.12679648
-0.080135524 -0.018740892
-0.013262868 0.016125083
-0.058200248 0.025183827
0.030908287 0.0038513243
0.06666759 -0.056069106
-0.03714013 0.018699199
0.047602057 0.044976495
0.0122208 -0.068031795
-0.50583184 0.1927505
0.014282286 -0.052853167
0.025059283 -0.0035218894
0.07809734 -0.12618035
0.10494298 -0.060738623
0.10373795 -0.03702295
-0.02937013 0.0562796
-0.21473537 0.18445492
-0.052967727 -0.0668453
-0.14897819 0.08598858
0.009246528 -0.010501802
0.033860445 -0.009813145
-0.012672275 0.048353106
-0.12761687 -0.25093457
0.06746718 0.044449836
0.04299609 -0.045960784
-0.106517255 -0.12400806
0.045623064 -0.06638506
0.10863674 0.018122196
0.30199593 -0.15497968
1.0883974 -0.42357773
1.0891737 -0.19031225
1.1826375 -0.3026511
1.08664 -0.06060975
1.0089594 -0.10493946
0.0028613806 -0.034765348
0.1242162 0.030216247
-0.002249658 -0.061541855
0.07826142 0.014544219
-0.013956424 -0.01117897
0.108897865 0.04885444
0.096111506 0.08619553
-0.015015304 0.042037904
-0.32822382 0.0070516467
-0.34573 0.08401674
-0.73301727 0.36795476
-1.2849209 0.41595897
-1.2387568 0.327474
-1.3963498 0.3474886
-1.2462112 0.23295435
-0.016660035 0.045978636
0.045661926 0.04814323
-0.005835533 0.040436868
0.08495152 0.051174924
0.5056923 0.3525459
0.06155643 0.07787755
0.06656566 0.017402232
0.11684762 0.074634075
0.13744366 0.022942364
-0.045686543 0.0076084137
0.031234562 -0.0022239685
0.05919248 -0.047255516
0.033162415 -0.0376181
-0.06462175 -0.034037054
-0.088133454 -0.014864892
-0.024173617 -0.03799942
0.007240355 -0.040625542
0.018521637 -0.005884424
0.07724641 -0.01169243
0.024752937 0.036800534
0.106859565 0.044575676
-0.0445247 0.05566439
-0.037316322 -0.017047375
0.10872406 -0.0601483
-0.06506866 0.020696104
0.96880937 -0.8057237
1.0935543 -0.70793706
1.1935242 -0.8863797
0.48555773 -0.23606837
0.06694937 -0.0109015405
-0.009163797 -0.02574557
0.017694294 -0.016092718
-0.017508984 -0.062382042
0.053770512 -0.05088757
0.0228488 -0.02884391
-0.09612145 0.0038796384
-0.063266285 0.033329085
-0.1287419 0.009478353
-0.004438758 0.0063850284
-0.034135938 -0.029065005
0.023510158 0.027057357
0.087682664 0.08932778
-0.24284542 -0.08985631
-0.11062002 -0.08142228
0.038411498 0.0048300475
-0.010215819 0.028346285
0.08431512 -0.0012537083
0.056508183 0.027880233
-0.0060398355 0.009815287
0.07819882 -0.038569048
0.026114777 0.041152775
0.08079156 0.033492863
-0.010982752 -0.044019222
0.011868715 -0.03733161
0.055903554 -0.016821295
0.09934509 0.034392923
0.046191514 0.030401498
0.02308929 0.024522334
0.076532185 -0.075840205
0.016750336 0.057850078
-0.01567768 0.021849908
-0.24135654 0.21331772
0.07198337 0.019509047
-0.009028673 -0.011491984
-0.06732364 -0.04203169
-0.060063854 0.12372242
0.07347594 0.044249088
-0.115884155 -0.055709302
0.041697003 0.054316252
-0.057537943 -0.0302822
0.002006501 7.2062016e-05
0.069919065 -0.050398856
0.01576835 0.055661276
0.012112856 -0.050215557
0.110954046 0.12911764
0.047907174 0.015673526
-0.1295451 0.027592033
-0.0035632849 -0.023355752
0.073945045 0.038914442
-0.0149924755 -0.009875387
0.015669763 -0.008079082
-0.03654474 0.1489889
-0.017320752 0.08552742
0.04282993 0.1004498
-0.01070866 -0.087914765
-0.012468204 -0.11803162
-0.015372283 -0.11453819
0.03327006 -0.06000507
-0.041485906 0.041936994
-0.072897375 -0.041949093
-0.06197411 -0.038155824
0.022143304 0.03523639
0.0055729747 0.05191803
0.035828218 0.014332771
-0.019248374 0.053702287
-0.22849877 -0.054750852
0.05078037 -0.014508098
-0.083181545 0.067232534
0.020400554 -0.02409473
0.025682747 0.012578815
0.04340732 -0.01386115
0.05773571 -0.024550319
0.02826196 0.008905441
0.051727623 -0.06275433
0.083865345 0.007474035
0.06769104 -0.011485249
-0.2577858 -0.46081498
0.055764988 0.014080763
0.025161184 0.06871921
0.04964985 0.014634803
0.0842261 -0.016556807
0.063081026 -0.010081932
0.09290826 -0.07169682
0.060996532 0.004510388
-0.0008454919 0.014995068
0.11395514 0.054371163
0.19194889 -0.01401107
0.1715439 -0.009298503
0.074706435 0.02383864
0.08514452 0.057913825
